时间(s),MP3B传感器(V),TGS2620传感器(V),MP801传感器(V),WSP2110传感器(V),TGS2609传感器(V),TGS2603传感器(V),TGS2602传感器(V),TGS2600传感器(V)
0.200000,0.190411,0.390934,0.123390,0.142511,0.463103,0.558519,0.188946,0.378391
0.400000,0.190219,0.389795,0.123194,0.142123,0.459526,0.557949,0.188059,0.375905
0.600000,0.190177,0.389319,0.123011,0.142063,0.457805,0.557666,0.187593,0.374538
0.800000,0.189961,0.388323,0.123087,0.141975,0.456028,0.557444,0.186955,0.373338
1.000000,0.190093,0.387985,0.123015,0.141603,0.454369,0.557151,0.186480,0.371942
1.200000,0.190035,0.387495,0.123084,0.141677,0.452441,0.556894,0.186260,0.370499
1.400000,0.189840,0.386868,0.122885,0.141429,0.450889,0.556494,0.185845,0.369357
1.600000,0.189862,0.386288,0.122858,0.141181,0.449097,0.556403,0.185290,0.368159
1.800000,0.189887,0.385780,0.122867,0.141213,0.447429,0.556080,0.184726,0.366869
2.000000,0.189832,0.385448,0.122903,0.141045,0.445920,0.555953,0.184382,0.365509
2.200000,0.189768,0.384759,0.122776,0.140820,0.444151,0.555657,0.183758,0.364421
2.400000,0.189734,0.384343,0.122691,0.140838,0.442616,0.555541,0.183478,0.363184
2.600000,0.189693,0.383681,0.122657,0.140671,0.440745,0.555237,0.182999,0.361854
2.800000,0.189604,0.383161,0.122545,0.140440,0.439200,0.554671,0.182595,0.360645
3.000000,0.189611,0.382562,0.122530,0.140280,0.437558,0.554538,0.182170,0.359552
3.200000,0.189598,0.382147,0.122669,0.140141,0.436135,0.554420,0.181746,0.358377
3.400000,0.189638,0.381486,0.122477,0.139942,0.434653,0.554320,0.181153,0.357195
3.600000,0.189475,0.381162,0.122310,0.139882,0.432973,0.553842,0.180911,0.356007
3.800000,0.189422,0.380617,0.122514,0.139725,0.431374,0.553563,0.180475,0.354894
4.000000,0.189487,0.380012,0.122380,0.139588,0.429897,0.553207,0.180030,0.353712
4.200000,0.189236,0.379636,0.122448,0.139571,0.428444,0.553054,0.179719,0.352701
4.400000,0.189307,0.378886,0.122322,0.139208,0.426912,0.552749,0.179234,0.351492
4.600000,0.189297,0.378453,0.122361,0.139207,0.425447,0.552632,0.178741,0.350423
4.800000,0.189198,0.378048,0.122127,0.139047,0.424029,0.552090,0.178487,0.349344
5.000000,0.189092,0.377500,0.122060,0.138741,0.422078,0.552050,0.177794,0.348170
5.200000,0.189152,0.377114,0.122094,0.138764,0.420976,0.551621,0.177543,0.347131
5.400000,0.189081,0.376643,0.122005,0.138642,0.419512,0.551475,0.177161,0.346019
5.600000,0.189015,0.376061,0.121972,0.138643,0.417941,0.551151,0.176684,0.344993
5.800000,0.189005,0.375657,0.121946,0.138433,0.416614,0.550817,0.176343,0.343837
6.000000,0.188963,0.375080,0.121964,0.138290,0.414992,0.550465,0.176022,0.342925
6.200000,0.188953,0.374780,0.121789,0.138196,0.413911,0.550468,0.175563,0.341948
6.400000,0.188863,0.374435,0.122021,0.138011,0.412617,0.550219,0.175222,0.340863
6.600000,0.188824,0.373609,0.121863,0.137808,0.410835,0.549868,0.174865,0.339615
6.800000,0.188813,0.373237,0.121863,0.137813,0.409403,0.549569,0.174269,0.338646
7.000000,0.188618,0.372853,0.121870,0.137646,0.408250,0.549313,0.173821,0.337719
7.200000,0.188710,0.372413,0.121608,0.137495,0.406857,0.548943,0.173492,0.336640
7.400000,0.188661,0.371968,0.121683,0.137389,0.405513,0.548702,0.173062,0.335709
7.600000,0.188655,0.371519,0.121657,0.137346,0.404300,0.548306,0.172880,0.334773
7.800000,0.188451,0.371181,0.121744,0.137388,0.402910,0.548175,0.172474,0.333965
8.000000,0.188380,0.370469,0.121594,0.136964,0.401571,0.547710,0.171840,0.332670
8.200000,0.188300,0.369810,0.121378,0.136616,0.399871,0.547189,0.171570,0.331273
8.400000,0.188296,0.369541,0.121345,0.136741,0.398705,0.547311,0.171109,0.330567
8.600000,0.188425,0.369176,0.121484,0.136749,0.397404,0.546838,0.170774,0.329730
8.800000,0.188422,0.368938,0.121596,0.136669,0.396237,0.546572,0.170565,0.328958
9.000000,0.188396,0.368182,0.121324,0.136555,0.394840,0.546318,0.170237,0.327781
9.200000,0.188329,0.367935,0.121375,0.136502,0.393760,0.546023,0.170105,0.327077
9.400000,0.188277,0.367478,0.121416,0.136285,0.392590,0.545901,0.169408,0.326187
9.600000,0.188239,0.367025,0.121438,0.136167,0.391679,0.545567,0.169078,0.325393
9.800000,0.188217,0.366768,0.121310,0.136052,0.390198,0.545221,0.168764,0.324463
10.000000,0.188075,0.366274,0.121158,0.136018,0.389236,0.545158,0.168487,0.323678
10.200000,0.188141,0.366024,0.121211,0.135869,0.388109,0.544711,0.168251,0.322807
10.400000,0.188119,0.365640,0.121216,0.135804,0.386900,0.544475,0.167937,0.321983
10.600000,0.188062,0.365277,0.121279,0.135519,0.385640,0.544428,0.167563,0.321175
10.800000,0.188026,0.364810,0.121030,0.135701,0.384702,0.543929,0.167280,0.320426
11.000000,0.188037,0.364457,0.121300,0.135590,0.383667,0.543815,0.167003,0.319528
11.200000,0.187840,0.364226,0.121122,0.135359,0.382648,0.543445,0.166695,0.318785
11.400000,0.187877,0.363767,0.121050,0.135295,0.381012,0.543200,0.166233,0.317622
11.600000,0.187926,0.363441,0.121003,0.135251,0.380411,0.543031,0.166022,0.317150
11.800000,0.187868,0.362880,0.121045,0.135392,0.379228,0.542542,0.165722,0.316229
12.000000,0.187705,0.362411,0.120875,0.135075,0.378215,0.542336,0.165316,0.315602
12.200000,0.187842,0.362223,0.121117,0.134979,0.377161,0.542055,0.164993,0.314845
12.400000,0.187963,0.361823,0.120898,0.134908,0.376237,0.541977,0.164924,0.314128
12.600000,0.187759,0.361317,0.120921,0.134697,0.374656,0.541267,0.164435,0.312820
12.800000,0.187762,0.360888,0.120881,0.134827,0.373635,0.541195,0.164140,0.312321
13.000000,0.187743,0.360752,0.120738,0.134673,0.372908,0.540683,0.163925,0.311661
13.200000,0.187673,0.360557,0.120860,0.134494,0.371933,0.540627,0.163656,0.310968
13.400000,0.187663,0.359964,0.120849,0.134460,0.370973,0.540406,0.163412,0.310283
13.600000,0.187635,0.359698,0.120983,0.134283,0.370301,0.540247,0.163121,0.309612
13.800000,0.187622,0.359434,0.120791,0.134351,0.369235,0.539935,0.162798,0.308989
14.000000,0.187644,0.359172,0.120777,0.134289,0.368203,0.539792,0.162591,0.308259
14.200000,0.187553,0.358778,0.120776,0.134148,0.367532,0.539258,0.162219,0.307572
14.400000,0.187528,0.358439,0.120615,0.134003,0.366529,0.539205,0.162020,0.306854
14.600000,0.187556,0.358216,0.120635,0.134096,0.365709,0.539032,0.161793,0.306356
14.800000,0.187464,0.357751,0.120632,0.133874,0.364728,0.538576,0.161459,0.305731
15.000000,0.187431,0.357435,0.120759,0.133905,0.363979,0.538250,0.161398,0.305105
15.200000,0.187420,0.357188,0.120627,0.133578,0.363100,0.538039,0.161082,0.304436
15.400000,0.187392,0.357055,0.120679,0.133751,0.362310,0.537968,0.160759,0.303867
15.600000,0.187252,0.356661,0.120590,0.133740,0.361341,0.537679,0.160738,0.303271
15.800000,0.187364,0.356329,0.120644,0.133600,0.360603,0.537432,0.160416,0.302651
16.000000,0.187355,0.355852,0.120420,0.133626,0.359867,0.537141,0.160157,0.302094
16.200000,0.187271,0.355824,0.120644,0.133415,0.359010,0.536821,0.159940,0.301269
16.400000,0.187253,0.355241,0.120668,0.133219,0.358207,0.536577,0.159714,0.300818
16.600000,0.187306,0.355077,0.120255,0.133318,0.357437,0.536400,0.159438,0.300278
16.800000,0.187350,0.354865,0.120614,0.133286,0.356677,0.536267,0.159296,0.299557
17.000000,0.187195,0.354588,0.120512,0.133202,0.355542,0.535929,0.159076,0.298935
17.200000,0.187185,0.354214,0.120457,0.133130,0.354950,0.535615,0.158762,0.298427
17.400000,0.187179,0.353706,0.120254,0.132993,0.354319,0.535680,0.158588,0.297936
17.600000,0.187163,0.353765,0.120535,0.132949,0.353437,0.535222,0.158404,0.297153
17.800000,0.187074,0.353441,0.120539,0.132864,0.352538,0.534946,0.158191,0.296774
18.000000,0.187097,0.353076,0.120258,0.132709,0.351739,0.534608,0.157801,0.296024
18.200000,0.187010,0.352672,0.120322,0.132616,0.350986,0.534312,0.157769,0.295528
18.400000,0.186928,0.352775,0.120288,0.132781,0.350475,0.534089,0.157321,0.294966
18.600000,0.186995,0.352355,0.120263,0.132673,0.349714,0.533857,0.157303,0.294517
18.800000,0.187042,0.352179,0.120203,0.132653,0.348958,0.533752,0.157132,0.293796
19.000000,0.186929,0.351718,0.119950,0.132574,0.347936,0.533348,0.156835,0.293419
19.200000,0.186967,0.390480,0.120323,0.132503,0.347249,0.533264,0.156575,0.292761
19.400000,0.187053,0.351241,0.120167,0.132398,0.346549,0.532926,0.156451,0.292212
19.600000,0.186799,0.350993,0.120515,0.132360,0.345673,0.532785,0.195219,0.291739
19.800000,0.186771,0.350763,0.120178,0.132384,0.345240,0.532263,0.156075,0.291082
20.000000,0.186843,0.350376,0.120158,0.132257,0.344401,0.532218,0.155867,0.290577
20.200000,0.186818,0.350089,0.120155,0.132242,0.343699,0.531925,0.155652,0.290135
20.400000,0.186835,0.349985,0.120099,0.132028,0.342805,0.531513,0.155417,0.289643
20.600000,0.186790,0.349705,0.120131,0.132055,0.342232,0.531477,0.155302,0.289009
20.800000,0.186480,0.349485,0.120200,0.131945,0.341554,0.531139,0.155180,0.288676
21.000000,0.186759,0.349016,0.120149,0.132141,0.340930,0.530963,0.154933,0.288132
21.200000,0.186711,0.348887,0.119966,0.131913,0.340345,0.530568,0.154704,0.287613
21.400000,0.186741,0.348774,0.119949,0.131934,0.339561,0.530252,0.154706,0.287069
21.600000,0.186464,0.348253,0.119979,0.131716,0.338764,0.529993,0.154378,0.286433
21.800000,0.186628,0.348064,0.120048,0.131670,0.338177,0.529800,0.154233,0.286250
22.000000,0.186663,0.347756,0.119982,0.131620,0.337565,0.529619,0.154006,0.285627
22.200000,0.186475,0.347717,0.120025,0.131632,0.336954,0.529074,0.153918,0.285075
22.400000,0.186483,0.347556,0.119937,0.131671,0.336323,0.529104,0.153589,0.284610
22.600000,0.186552,0.347170,0.119956,0.131397,0.335642,0.528955,0.153393,0.284061
22.800000,0.186565,0.347095,0.120078,0.131434,0.335028,0.528512,0.153260,0.283703
23.000000,0.186569,0.346832,0.119816,0.131507,0.334402,0.528407,0.153195,0.283340
23.200000,0.186558,0.346432,0.119915,0.131338,0.333738,0.528236,0.152979,0.282730
23.400000,0.186604,0.346355,0.119873,0.131305,0.333234,0.527915,0.152803,0.282140
23.600000,0.186499,0.346057,0.119964,0.131232,0.332617,0.527924,0.152608,0.281825
23.800000,0.186608,0.345789,0.119836,0.131153,0.331849,0.527248,0.152587,0.281496
24.000000,0.186408,0.345534,0.119896,0.131175,0.331392,0.527071,0.152272,0.281028
24.200000,0.186439,0.345346,0.119866,0.131124,0.330647,0.526815,0.152082,0.280474
24.400000,0.186401,0.345078,0.119841,0.131060,0.329907,0.526635,0.151916,0.279889
24.600000,0.186433,0.344804,0.119829,0.130939,0.329577,0.526313,0.151786,0.279442
24.800000,0.186399,0.344679,0.119674,0.130977,0.328932,0.526165,0.151633,0.279186
25.000000,0.186175,0.344358,0.119717,0.130860,0.328319,0.525811,0.151474,0.278759
25.200000,0.186372,0.344219,0.119836,0.130877,0.327679,0.525530,0.151306,0.278199
25.400000,0.186113,0.343909,0.119763,0.130745,0.326803,0.525235,0.151129,0.277692
25.600000,0.186235,0.343682,0.119638,0.130795,0.326378,0.525029,0.150954,0.277118
25.800000,0.186202,0.343510,0.119680,0.130749,0.325717,0.524852,0.150623,0.276807
26.000000,0.186210,0.343206,0.119756,0.130492,0.325227,0.524300,0.150638,0.276358
26.200000,0.186194,0.342997,0.119715,0.130594,0.324699,0.524371,0.150684,0.275955
26.400000,0.186161,0.342801,0.119628,0.130481,0.323873,0.524197,0.150392,0.275564
26.600000,0.186112,0.342467,0.119624,0.130541,0.323362,0.523725,0.150183,0.275000
26.800000,0.186095,0.342218,0.119711,0.130321,0.322771,0.523452,0.150184,0.274729
27.000000,0.186083,0.342234,0.119736,0.130427,0.321976,0.523388,0.149964,0.274231
27.200000,0.186055,0.341914,0.119618,0.130354,0.321810,0.523177,0.149817,0.273774
27.400000,0.186014,0.341553,0.119478,0.130308,0.321320,0.522848,0.149668,0.273568
27.600000,0.186022,0.341353,0.119573,0.130296,0.320708,0.522716,0.149439,0.273247
27.800000,0.186018,0.341126,0.119760,0.130144,0.320231,0.522429,0.149247,0.272734
28.000000,0.185855,0.341162,0.119395,0.130104,0.319588,0.522059,0.149331,0.272439
28.200000,0.185903,0.340785,0.119580,0.130060,0.319010,0.521928,0.149074,0.271763
28.400000,0.185951,0.340697,0.119730,0.130062,0.318480,0.521681,0.148839,0.271525
28.600000,0.185872,0.340534,0.119483,0.130068,0.318275,0.521512,0.148878,0.271114
28.800000,0.185890,0.340283,0.119533,0.130148,0.317556,0.520940,0.148718,0.270731
29.000000,0.185836,0.340070,0.119610,0.129985,0.316951,0.521000,0.148607,0.270436
29.200000,0.185809,0.339757,0.119469,0.129945,0.316504,0.520734,0.148358,0.269954
29.400000,0.185812,0.339792,0.119770,0.129723,0.315970,0.520330,0.148375,0.269516
29.600000,0.185832,0.339414,0.119389,0.129728,0.315526,0.520243,0.148039,0.269076
29.800000,0.185776,0.339291,0.119410,0.129812,0.315076,0.519886,0.148088,0.268749
30.000000,0.185754,0.339043,0.119402,0.129846,0.314454,0.519607,0.147926,0.268472
30.200000,0.185717,0.338857,0.119242,0.129581,0.313999,0.519411,0.147671,0.268076
30.400000,0.185828,0.338634,0.119386,0.129637,0.313332,0.519253,0.147806,0.267659
30.600000,0.186685,0.338420,0.119383,0.129637,0.312942,0.519175,0.147452,0.267265
30.800000,0.191739,0.338270,0.119391,0.129473,0.312350,0.518720,0.147434,0.266960
31.000000,0.200595,0.337849,0.119468,0.129409,0.311956,0.518616,0.147547,0.266721
31.200000,0.213156,0.337891,0.119358,0.129502,0.311652,0.518264,0.147281,0.266527
31.400000,0.233841,0.337713,0.119456,0.129449,0.311974,0.517944,0.147468,0.266562
31.600000,0.253274,0.337802,0.119550,0.129839,0.312359,0.518085,0.147818,0.267172
31.800000,0.273257,0.337831,0.119366,0.129966,0.313625,0.518086,0.148200,0.267981
32.000000,0.292629,0.338226,0.119753,0.130211,0.315526,0.518054,0.148745,0.269178
32.200000,0.310769,0.338779,0.119852,0.130680,0.317997,0.518135,0.149783,0.271218
32.400000,0.327483,0.340117,0.120231,0.131114,0.321582,0.518274,0.151015,0.273786
32.600000,0.342370,0.341381,0.120410,0.132341,0.325695,0.518357,0.152242,0.276755
32.800000,0.355828,0.343434,0.121055,0.133502,0.330848,0.518773,0.153524,0.280433
33.000000,0.367347,0.346122,0.121723,0.134908,0.336156,0.518978,0.155092,0.284321
33.200000,0.377439,0.349276,0.122627,0.136415,0.342539,0.519260,0.156792,0.289051
33.400000,0.386341,0.353524,0.123687,0.138473,0.349397,0.519475,0.158483,0.294040
33.600000,0.393968,0.357909,0.124744,0.140526,0.356396,0.519945,0.160515,0.299522
33.800000,0.400470,0.362937,0.125796,0.142475,0.364164,0.520465,0.162281,0.305161
34.000000,0.405905,0.368455,0.127149,0.144772,0.372129,0.520780,0.164205,0.311012
34.200000,0.410852,0.374586,0.128427,0.146956,0.380223,0.521082,0.166236,0.317365
34.400000,0.414798,0.381254,0.129783,0.149515,0.388855,0.521497,0.168213,0.323972
34.600000,0.418170,0.388115,0.131118,0.152077,0.397422,0.521948,0.170560,0.330755
34.800000,0.421027,0.395476,0.132426,0.154702,0.406470,0.522154,0.172437,0.337665
35.000000,0.423394,0.403481,0.133846,0.157520,0.415608,0.522646,0.174671,0.344842
35.200000,0.425421,0.411894,0.135384,0.160295,0.425239,0.523170,0.176737,0.352176
35.400000,0.426881,0.420080,0.136709,0.163108,0.434108,0.523474,0.178716,0.359019
35.600000,0.428041,0.428786,0.137873,0.165787,0.443059,0.523869,0.180757,0.366187
35.800000,0.429182,0.437764,0.139596,0.168742,0.452243,0.524426,0.182795,0.373100
36.000000,0.429992,0.447203,0.140579,0.171390,0.461716,0.524804,0.184734,0.380535
36.200000,0.430553,0.456916,0.141771,0.174270,0.471133,0.525132,0.186683,0.387763
36.400000,0.430940,0.466923,0.143185,0.177011,0.480753,0.525271,0.188690,0.395206
36.600000,0.431218,0.477578,0.144570,0.179959,0.490620,0.525962,0.190472,0.403108
36.800000,0.431390,0.488291,0.145772,0.182850,0.500766,0.526480,0.192567,0.410813
37.000000,0.431547,0.499118,0.147101,0.185851,0.510879,0.526796,0.194687,0.418631
37.200000,0.431808,0.510398,0.148282,0.188446,0.521253,0.527072,0.196430,0.426626
37.400000,0.431699,0.521774,0.149668,0.191522,0.532164,0.527638,0.198383,0.435317
37.600000,0.431774,0.535142,0.151148,0.194971,0.544367,0.528097,0.200798,0.444771
37.800000,0.431581,0.546905,0.152214,0.197621,0.554997,0.528281,0.202591,0.452846
38.000000,0.431538,0.558345,0.153536,0.200482,0.565881,0.528598,0.204439,0.461128
38.200000,0.431504,0.569936,0.154681,0.203109,0.576763,0.529023,0.206133,0.469680
38.400000,0.431396,0.581520,0.155845,0.205960,0.587896,0.529370,0.207964,0.478414
38.600000,0.431209,0.593028,0.156942,0.208845,0.598795,0.529874,0.209907,0.487201
38.800000,0.430914,0.604508,0.158116,0.211462,0.609735,0.530257,0.211596,0.495627
39.000000,0.430890,0.615645,0.159232,0.214223,0.620819,0.530512,0.213299,0.504325
39.200000,0.430727,0.626730,0.160283,0.216752,0.631797,0.530886,0.215097,0.513297
39.400000,0.430518,0.637779,0.161396,0.219427,0.642999,0.531258,0.216737,0.521922
39.600000,0.430377,0.648599,0.162366,0.222084,0.653887,0.531710,0.218490,0.530624
39.800000,0.430034,0.658962,0.163481,0.224603,0.664815,0.531875,0.220093,0.539434
40.000000,0.429965,0.669187,0.164457,0.227148,0.675681,0.532023,0.221830,0.548397
40.200000,0.429581,0.679217,0.165296,0.229741,0.686901,0.532622,0.223510,0.557217
40.400000,0.429483,0.689114,0.166376,0.232185,0.697681,0.533089,0.224930,0.565965
40.600000,0.429098,0.698738,0.167408,0.234683,0.708768,0.533359,0.226696,0.574864
40.800000,0.428780,0.708017,0.168380,0.236990,0.719381,0.533662,0.228151,0.583690
41.000000,0.428689,0.717301,0.169275,0.239537,0.730040,0.534052,0.229877,0.592411
41.200000,0.428319,0.725940,0.170130,0.241708,0.740621,0.534344,0.231363,0.600970
41.400000,0.427986,0.734300,0.171030,0.244177,0.751131,0.534570,0.232943,0.609467
41.600000,0.427579,0.742422,0.171885,0.246480,0.761371,0.534749,0.234246,0.618121
41.800000,0.427476,0.750504,0.172862,0.248744,0.771546,0.535060,0.235937,0.626422
42.000000,0.426950,0.757734,0.173519,0.250937,0.781311,0.535547,0.237342,0.634620
42.200000,0.426830,0.765331,0.174311,0.253156,0.791429,0.535852,0.238661,0.642901
42.400000,0.426588,0.771818,0.175089,0.255390,0.800932,0.535958,0.240194,0.651004
42.600000,0.426282,0.778768,0.175851,0.257175,0.810691,0.536336,0.241610,0.659078
42.800000,0.426063,0.785199,0.176553,0.259470,0.820009,0.536667,0.242986,0.667251
43.000000,0.425794,0.791442,0.177236,0.261244,0.829199,0.537003,0.244333,0.674821
43.200000,0.425423,0.797246,0.178037,0.263424,0.838245,0.537219,0.245623,0.682491
43.400000,0.425188,0.802798,0.178635,0.265448,0.847077,0.537583,0.246962,0.690039
43.600000,0.425075,0.808225,0.179061,0.267252,0.855794,0.537902,0.248195,0.697486
43.800000,0.424860,0.813555,0.180018,0.269420,0.864920,0.538310,0.249756,0.705713
44.000000,0.424404,0.820611,0.180874,0.271955,0.876588,0.538746,0.251352,0.715180
44.200000,0.424070,0.825178,0.181586,0.273674,0.884439,0.538836,0.252656,0.722109
44.400000,0.423824,0.829347,0.182169,0.275520,0.892333,0.538934,0.253720,0.729028
44.600000,0.423724,0.833642,0.182903,0.277159,0.899765,0.539497,0.254850,0.735615
44.800000,0.423295,0.837785,0.183463,0.278864,0.907462,0.539775,0.256186,0.742180
45.000000,0.422978,0.841288,0.183597,0.280419,0.914449,0.539999,0.257035,0.748320
45.200000,0.423004,0.845129,0.184375,0.282161,0.921953,0.540195,0.258196,0.754942
45.400000,0.422802,0.848354,0.184796,0.283790,0.928727,0.540335,0.259321,0.761104
45.600000,0.422637,0.851637,0.185466,0.285239,0.935617,0.540822,0.260317,0.767009
45.800000,0.422631,0.855062,0.185921,0.286959,0.942122,0.540816,0.261524,0.772879
46.000000,0.422378,0.858018,0.186458,0.288270,0.948707,0.541231,0.262529,0.778682
46.200000,0.422640,0.860949,0.186808,0.289677,0.955190,0.541685,0.263543,0.784332
46.400000,0.422415,0.863830,0.187417,0.291197,0.961099,0.541802,0.264443,0.789989
46.600000,0.422491,0.866159,0.187740,0.292593,0.967024,0.541858,0.265561,0.795245
46.800000,0.422236,0.868884,0.188373,0.293943,0.972848,0.542253,0.266635,0.800601
47.000000,0.422211,0.871511,0.188726,0.295364,0.978610,0.542507,0.267335,0.805954
47.200000,0.422102,0.873858,0.189213,0.296720,0.984269,0.542616,0.268405,0.810720
47.400000,0.421999,0.876401,0.189603,0.298047,0.989890,0.543015,0.269266,0.816031
47.600000,0.422108,0.878584,0.190047,0.299517,0.994990,0.543270,0.270361,0.820768
47.800000,0.421908,0.880466,0.190474,0.300858,1.000339,0.543472,0.271098,0.825635
48.000000,0.422005,0.882712,0.190853,0.301919,1.005299,0.543820,0.271978,0.830326
48.200000,0.421930,0.884577,0.191048,0.303263,1.010398,0.543855,0.272854,0.834956
48.400000,0.421602,0.886368,0.191505,0.304307,1.014783,0.544086,0.273634,0.838972
48.600000,0.421707,0.888224,0.191962,0.305689,1.019715,0.544356,0.274355,0.843513
48.800000,0.421498,0.889978,0.192160,0.306799,1.024235,0.544606,0.275333,0.847862
49.000000,0.421307,0.892005,0.192650,0.307836,1.028900,0.544854,0.276061,0.852013
49.200000,0.421294,0.893289,0.192989,0.309166,1.033021,0.544997,0.276712,0.856158
49.400000,0.421146,0.895129,0.193145,0.310510,1.037442,0.545334,0.277652,0.860045
49.600000,0.420868,0.896821,0.193898,0.311458,1.041647,0.545716,0.278606,0.864258
49.800000,0.420772,0.898029,0.194057,0.312645,1.045609,0.545902,0.279019,0.868002
50.000000,0.420442,0.899677,0.194291,0.313568,1.049711,0.545998,0.279990,0.871862
50.200000,0.420249,0.901393,0.194809,0.315037,1.054127,0.546551,0.280912,0.876224
50.400000,0.419989,0.903056,0.195118,0.316280,1.058608,0.546666,0.281541,0.880274
50.600000,0.419672,0.904103,0.195609,0.317340,1.061956,0.546841,0.282308,0.883598
50.800000,0.419334,0.905602,0.195692,0.318161,1.065549,0.546887,0.283048,0.886985
51.000000,0.419114,0.906587,0.196011,0.319149,1.069038,0.547243,0.283715,0.890433
51.200000,0.418863,0.907835,0.196287,0.320362,1.072511,0.547391,0.284402,0.893753
51.400000,0.418786,0.909097,0.196646,0.321225,1.075647,0.547673,0.285028,0.896627
51.600000,0.418605,0.909953,0.196793,0.322011,1.078667,0.547801,0.285642,0.899673
51.800000,0.418389,0.910921,0.196967,0.323004,1.081630,0.548077,0.286322,0.902832
52.000000,0.418335,0.911844,0.197262,0.323868,1.084751,0.548387,0.286905,0.905808
52.200000,0.418186,0.912911,0.197440,0.324815,1.087753,0.548619,0.287501,0.908510
52.400000,0.418043,0.913683,0.197614,0.325623,1.090567,0.548791,0.288066,0.911309
52.600000,0.418064,0.914642,0.197923,0.326616,1.093466,0.549083,0.288733,0.914039
52.800000,0.417872,0.915676,0.198402,0.327391,1.096406,0.549272,0.289193,0.916821
53.000000,0.417733,0.916043,0.198312,0.328088,1.098865,0.549409,0.289761,0.919234
53.200000,0.417484,0.916793,0.198685,0.328962,1.101471,0.549749,0.290347,0.921991
53.400000,0.417522,0.917742,0.198943,0.329734,1.104266,0.549865,0.290870,0.924522
53.600000,0.417352,0.918376,0.199270,0.330519,1.106534,0.550092,0.291311,0.926720
53.800000,0.417460,0.919229,0.199268,0.331154,1.108858,0.550269,0.291932,0.929147
54.000000,0.417312,0.919650,0.199627,0.332089,1.111227,0.550463,0.292628,0.931629
54.200000,0.417039,0.920323,0.199774,0.332913,1.113663,0.550646,0.292843,0.933743
54.400000,0.416881,0.920870,0.199966,0.333690,1.115640,0.551050,0.293420,0.936005
54.600000,0.416728,0.921716,0.200049,0.334257,1.118071,0.550979,0.293964,0.938329
54.800000,0.416794,0.922262,0.200369,0.335051,1.120252,0.551320,0.294346,0.940432
55.000000,0.416448,0.922821,0.200551,0.335657,1.122328,0.551003,0.294908,0.942394
55.200000,0.416287,0.923314,0.200793,0.336450,1.124236,0.551688,0.295141,0.944342
55.400000,0.416168,0.923876,0.200865,0.337171,1.126158,0.551801,0.295789,0.946500
55.600000,0.416129,0.924507,0.201111,0.337743,1.128310,0.552123,0.296121,0.948217
55.800000,0.415880,0.924969,0.201259,0.338433,1.129952,0.552135,0.296550,0.950054
56.000000,0.415762,0.925307,0.201272,0.338927,1.132019,0.552561,0.296850,0.951904
56.200000,0.415447,0.925901,0.201563,0.339700,1.133794,0.552543,0.297256,0.953953
56.400000,0.415317,0.926429,0.201746,0.340274,1.135823,0.552778,0.297965,0.955923
56.600000,0.415155,0.926910,0.201946,0.341083,1.137856,0.553098,0.298438,0.958048
56.800000,0.414979,0.927394,0.202083,0.341736,1.139633,0.553235,0.298915,0.959625
57.000000,0.414846,0.927599,0.202129,0.342109,1.140946,0.553325,0.299077,0.961245
57.200000,0.414824,0.927902,0.202397,0.342689,1.142610,0.553737,0.299574,0.962783
57.400000,0.414636,0.928305,0.202490,0.343456,1.144211,0.553665,0.299860,0.964053
57.600000,0.414667,0.928622,0.202643,0.343788,1.145714,0.553954,0.300181,0.965832
57.800000,0.414512,0.929084,0.202827,0.344504,1.147397,0.554062,0.300689,0.967368
58.000000,0.414460,0.929272,0.202833,0.344990,1.148825,0.554127,0.300844,0.968736
58.200000,0.414484,0.929588,0.202996,0.345541,1.150156,0.554587,0.301373,0.970204
58.400000,0.414392,0.929765,0.203114,0.345984,1.151419,0.554423,0.301538,0.971413
58.600000,0.414565,0.930117,0.203338,0.346571,1.152866,0.554733,0.301751,0.972998
58.800000,0.414581,0.930529,0.203494,0.347084,1.154307,0.555137,0.302278,0.974476
59.000000,0.414427,0.930653,0.203576,0.347672,1.155684,0.555207,0.302437,0.975813
59.200000,0.414360,0.930822,0.203775,0.348051,1.156880,0.555162,0.302766,0.976936
59.400000,0.414164,0.931134,0.203831,0.348418,1.158184,0.555589,0.303168,0.978250
59.600000,0.414116,0.931572,0.204061,0.349059,1.159468,0.555652,0.303550,0.979483
59.800000,0.414236,0.931933,0.204228,0.349504,1.161015,0.556064,0.303954,0.980764
60.000000,0.414213,0.932007,0.204424,0.350143,1.161812,0.556284,0.304072,0.982185
60.200000,0.414050,0.932239,0.204423,0.350623,1.163223,0.556290,0.304396,0.983321
60.400000,0.414026,0.932489,0.204335,0.350881,1.164286,0.556538,0.304598,0.984370
60.600000,0.413963,0.932770,0.204529,0.351328,1.165206,0.556737,0.304896,0.985515
60.800000,0.413948,0.933067,0.204785,0.351864,1.166543,0.556932,0.305179,0.986864
61.000000,0.413885,0.933090,0.204887,0.352259,1.167647,0.557051,0.305436,0.987825
61.200000,0.413747,0.933386,0.205048,0.352700,1.169059,0.557215,0.305499,0.989094
61.400000,0.413744,0.933535,0.205005,0.353345,1.169955,0.557518,0.306086,0.990169
61.600000,0.413593,0.933930,0.205176,0.353552,1.171151,0.557665,0.306223,0.991158
61.800000,0.413359,0.933846,0.205349,0.353886,1.171831,0.557635,0.306380,0.992214
62.000000,0.413250,0.934249,0.205312,0.354341,1.173070,0.557783,0.306609,0.993164
62.200000,0.413250,0.934475,0.205389,0.354787,1.174053,0.558158,0.306802,0.994395
62.400000,0.413244,0.934671,0.205610,0.355306,1.175027,0.558266,0.307201,0.995461
62.600000,0.413262,0.934937,0.205947,0.355781,1.176043,0.558358,0.307387,0.996353
62.800000,0.413131,0.935162,0.205981,0.356357,1.177356,0.558629,0.307732,0.997706
63.000000,0.413147,0.935226,0.205982,0.356855,1.178359,0.558891,0.307889,0.998527
63.200000,0.413008,0.935520,0.206051,0.357019,1.179089,0.558936,0.308141,0.999533
63.400000,0.412759,0.935618,0.206202,0.357465,1.180239,0.559384,0.308373,1.000385
63.600000,0.412715,0.935779,0.206445,0.357907,1.180774,0.559242,0.308525,1.001226
63.800000,0.412297,0.935669,0.206592,0.357980,1.181551,0.559395,0.308548,1.001885
64.000000,0.412343,0.935981,0.206521,0.358616,1.182733,0.559672,0.308898,1.003069
64.200000,0.412218,0.935838,0.206605,0.358964,1.183039,0.559722,0.308921,1.003670
64.400000,0.411969,0.936309,0.206747,0.359318,1.184034,0.559891,0.309287,1.004486
64.600000,0.411831,0.936531,0.206639,0.359548,1.184793,0.560004,0.309430,1.005299
64.800000,0.411625,0.936595,0.206801,0.359981,1.185415,0.560164,0.309539,1.005961
65.000000,0.411377,0.936576,0.206874,0.360174,1.185976,0.560497,0.309833,1.006708
65.200000,0.411245,0.936856,0.207015,0.360582,1.187042,0.560661,0.309978,1.007354
65.400000,0.411094,0.936983,0.207083,0.360954,1.187688,0.560870,0.310084,1.008094
65.600000,0.411149,0.936948,0.207102,0.361288,1.188084,0.560897,0.310319,1.008772
65.800000,0.411099,0.937038,0.207131,0.361481,1.189066,0.561146,0.310515,1.009527
66.000000,0.411067,0.937051,0.207222,0.361688,1.189652,0.561226,0.310568,1.010271
66.200000,0.410997,0.937303,0.207247,0.362231,1.190190,0.561502,0.310755,1.010892
66.400000,0.410917,0.937402,0.207563,0.362439,1.190916,0.561650,0.310776,1.011530
66.600000,0.410693,0.937116,0.207602,0.362573,1.191500,0.561774,0.310981,1.012071
66.800000,0.410332,0.937214,0.207578,0.362992,1.191893,0.561978,0.311161,1.012734
67.000000,0.410409,0.937237,0.207536,0.363228,1.192356,0.562127,0.311150,1.013250
67.200000,0.410410,0.937444,0.207731,0.363541,1.193144,0.562143,0.311403,1.013873
67.400000,0.410016,0.937401,0.207790,0.363731,1.193746,0.562350,0.311551,1.014537
67.600000,0.409882,0.937449,0.207906,0.364021,1.194049,0.562567,0.311649,1.015140
67.800000,0.409988,0.937578,0.207925,0.364278,1.194934,0.562664,0.311775,1.015846
68.000000,0.409781,0.976417,0.207981,0.364390,1.195275,0.562974,0.311895,1.016069
68.200000,0.409612,0.937483,0.208040,0.364816,1.195856,0.563129,0.311896,1.016599
68.400000,0.409461,0.937452,0.208046,0.364977,1.196281,0.563152,0.311989,1.017185
68.600000,0.409253,0.898566,0.208225,0.365228,1.196767,0.563241,0.312446,1.017641
68.800000,0.409249,0.937566,0.208181,0.365489,1.197436,0.563601,0.312380,1.018283
69.000000,0.409240,0.937506,0.208253,0.365817,1.197806,0.563535,0.312430,1.018666
69.200000,0.409106,0.937383,0.208163,0.365863,1.198028,0.563766,0.273519,1.019185
69.400000,0.409082,0.937237,0.208361,0.366181,1.198527,0.563853,0.312721,1.019449
69.600000,0.408930,0.937375,0.208409,0.366363,1.198909,0.564073,0.312735,1.020197
69.800000,0.408946,0.937486,0.208582,0.366428,1.199489,0.564370,0.312718,1.020618
70.000000,0.408681,0.937490,0.208317,0.366742,1.199655,0.564347,0.312820,1.020901
70.200000,0.408880,0.937303,0.208510,0.366731,1.200339,0.564571,0.312828,1.021540
70.400000,0.408778,0.937615,0.208460,0.367035,1.200720,0.564607,0.312965,1.021630
70.600000,0.408664,0.937289,0.208660,0.367219,1.201159,0.564935,0.313257,1.022292
70.800000,0.408488,0.937284,0.208707,0.367482,1.201257,0.564938,0.313123,1.022339
71.000000,0.408580,0.937322,0.208729,0.367721,1.201818,0.565330,0.313374,1.022944
71.200000,0.408573,0.937281,0.208659,0.367827,1.202278,0.565485,0.313406,1.023270
71.400000,0.408346,0.937292,0.208892,0.368094,1.202493,0.565504,0.313547,1.023787
71.600000,0.408461,0.937177,0.208904,0.368060,1.202846,0.565574,0.313696,1.024112
71.800000,0.408427,0.936976,0.209018,0.368456,1.203004,0.565714,0.313668,1.024396
72.000000,0.408347,0.937134,0.209175,0.368715,1.203714,0.565859,0.313574,1.024650
72.200000,0.408411,0.936940,0.209061,0.368931,1.203909,0.565990,0.313819,1.025280
72.400000,0.408216,0.937140,0.208937,0.368947,1.204252,0.566210,0.313767,1.025684
72.600000,0.408300,0.937009,0.209067,0.369245,1.204694,0.566370,0.313938,1.025903
72.800000,0.408188,0.936906,0.209209,0.369266,1.204763,0.566452,0.313973,1.026166
73.000000,0.408462,0.937120,0.209280,0.369617,1.204854,0.566644,0.314096,1.026763
73.200000,0.408453,0.936932,0.209266,0.369674,1.205589,0.566600,0.313880,1.027135
73.400000,0.408375,0.936915,0.209432,0.369844,1.206043,0.566785,0.314048,1.027460
73.600000,0.408220,0.936990,0.209433,0.370068,1.206234,0.566936,0.314277,1.027711
73.800000,0.408346,0.937077,0.209417,0.370465,1.206758,0.567226,0.314212,1.028133
74.000000,0.408197,0.937072,0.209579,0.370353,1.206997,0.567365,0.314570,1.028350
74.200000,0.408121,0.936939,0.209525,0.370427,1.207198,0.567351,0.314385,1.028617
74.400000,0.407996,0.937128,0.209550,0.370651,1.207428,0.567530,0.314396,1.029149
74.600000,0.407727,0.936900,0.209757,0.371003,1.207582,0.567696,0.313963,1.029274
74.800000,0.407813,0.937173,0.209695,0.371248,1.208455,0.567975,0.314605,1.029823
75.000000,0.407608,0.937215,0.209927,0.371355,1.208240,0.568067,0.314739,1.030053
75.200000,0.407503,0.937118,0.209918,0.371386,1.208575,0.568218,0.314730,1.030384
75.400000,0.407440,0.937173,0.209860,0.371654,1.209102,0.568335,0.314669,1.030497
75.600000,0.407382,0.937119,0.209950,0.371478,1.209151,0.568401,0.314677,1.030939
75.800000,0.407516,0.937183,0.210074,0.371949,1.209437,0.568547,0.314804,1.031142
76.000000,0.407507,0.936799,0.210010,0.372060,1.209653,0.568845,0.314917,1.031227
76.200000,0.407423,0.937159,0.210033,0.372234,1.209796,0.569000,0.314863,1.031775
76.400000,0.407667,0.936912,0.210128,0.372409,1.210207,0.569009,0.314936,1.032007
76.600000,0.407622,0.936929,0.210212,0.372585,1.210646,0.569055,0.315060,1.032205
76.800000,0.407604,0.937029,0.210245,0.372666,1.210668,0.569102,0.315008,1.032413
77.000000,0.407793,0.937004,0.210117,0.373055,1.210907,0.569571,0.315037,1.032685
77.200000,0.407821,0.936893,0.210339,0.372961,1.211512,0.569491,0.315038,1.032938
77.400000,0.407791,0.937261,0.210507,0.373368,1.211617,0.569773,0.314947,1.033368
77.600000,0.407781,0.936941,0.210409,0.373241,1.211761,0.569788,0.315162,1.033405
77.800000,0.407835,0.936987,0.210340,0.373533,1.211913,0.570092,0.315173,1.033852
78.000000,0.407748,0.936934,0.210434,0.373648,1.212016,0.570055,0.315154,1.033880
78.200000,0.407634,0.936990,0.210428,0.373827,1.212565,0.570377,0.315351,1.034373
78.400000,0.407793,0.937161,0.210570,0.373950,1.212493,0.570367,0.315135,1.034576
78.600000,0.407853,0.937200,0.210776,0.374154,1.213104,0.570557,0.315373,1.034987
78.800000,0.407614,0.937114,0.210757,0.374225,1.213362,0.570828,0.315331,1.035014
79.000000,0.407653,0.937213,0.210758,0.374508,1.213398,0.570687,0.315254,1.035388
79.200000,0.407813,0.937476,0.210823,0.374674,1.213729,0.570883,0.315249,1.035721
79.400000,0.407645,0.937162,0.210897,0.374664,1.213803,0.570958,0.315341,1.035913
79.600000,0.407677,0.937233,0.210922,0.374842,1.214131,0.571262,0.315511,1.036159
79.800000,0.407676,0.937446,0.211011,0.374937,1.214336,0.571252,0.315483,1.036139
80.000000,0.407636,0.937458,0.210921,0.375344,1.214745,0.571372,0.315542,1.036484
80.200000,0.407864,0.937431,0.211172,0.375328,1.215054,0.571442,0.315512,1.036968
80.400000,0.407689,0.937566,0.211067,0.375387,1.215028,0.571742,0.315447,1.037006
80.600000,0.407542,0.937803,0.211195,0.375611,1.215020,0.571783,0.315675,1.037275
80.800000,0.407559,0.937572,0.211242,0.375946,1.215381,0.571969,0.315625,1.037303
81.000000,0.407289,0.937616,0.211220,0.375972,1.215628,0.572117,0.315626,1.037619
81.200000,0.407286,0.898739,0.211305,0.376080,1.215686,0.572117,0.315449,1.037718
81.400000,0.407463,0.937763,0.211222,0.376190,1.215925,0.572506,0.315583,1.037809
81.600000,0.407446,0.937929,0.211354,0.376303,1.216412,0.572383,0.315783,1.038389
81.800000,0.407429,0.937944,0.211457,0.376523,1.216392,0.572836,0.315827,1.038586
82.000000,0.407504,0.937853,0.211338,0.376795,1.216327,0.572615,0.315607,1.038904
82.200000,0.407313,0.937661,0.211582,0.376810,1.216844,0.572953,0.315855,1.039052
82.400000,0.407459,0.938240,0.211694,0.376946,1.216973,0.572866,0.315778,1.039257
82.600000,0.407331,0.938075,0.211681,0.377083,1.217195,0.573137,0.315771,1.039532
82.800000,0.407374,0.937988,0.211919,0.377254,1.217486,0.573248,0.315812,1.039612
83.000000,0.407367,0.937973,0.211758,0.377461,1.217538,0.573291,0.315976,1.039592
83.200000,0.407131,0.938115,0.211671,0.377621,1.217777,0.573289,0.315909,1.040083
83.400000,0.407134,0.938119,0.211851,0.377541,1.218155,0.573435,0.315838,1.040179
83.600000,0.407159,0.938198,0.211670,0.377671,1.217992,0.573605,0.315595,1.040300
83.800000,0.407079,0.938345,0.211883,0.377889,1.218181,0.573762,0.315988,1.040641
84.000000,0.407027,0.938550,0.211943,0.378042,1.218522,0.573897,0.315926,1.040856
84.200000,0.406802,0.938425,0.212007,0.378134,1.218714,0.574088,0.315952,1.040769
84.400000,0.406950,0.938531,0.211948,0.378138,1.219012,0.574279,0.315908,1.040958
84.600000,0.406744,0.938357,0.212009,0.378267,1.218794,0.574206,0.315893,1.041196
84.800000,0.406352,0.938588,0.212023,0.378502,1.218919,0.574434,0.315979,1.041218
85.000000,0.406605,0.938377,0.212328,0.378428,1.219173,0.574506,0.316085,1.041297
85.200000,0.406499,0.938581,0.212225,0.378462,1.219368,0.574778,0.316126,1.041664
85.400000,0.406535,0.938590,0.212317,0.378784,1.219342,0.574656,0.315890,1.041805
85.600000,0.406539,0.938515,0.212304,0.378954,1.219591,0.574908,0.316086,1.041986
85.800000,0.406480,0.938606,0.212525,0.378981,1.219773,0.574954,0.316146,1.042044
86.000000,0.406415,0.938608,0.212372,0.379124,1.219784,0.575214,0.316101,1.042283
86.200000,0.406477,0.938600,0.212463,0.379280,1.219869,0.575217,0.316156,1.042315
86.400000,0.406393,0.938861,0.212459,0.379444,1.220260,0.575560,0.316138,1.042720
86.600000,0.406199,0.938633,0.212376,0.379549,1.220194,0.575484,0.316086,1.042690
86.800000,0.406120,0.938295,0.212498,0.379381,1.220343,0.575618,0.315972,1.042687
87.000000,0.406233,0.938585,0.212699,0.379715,1.220681,0.575829,0.316314,1.042975
87.200000,0.406280,0.937865,0.212580,0.379695,1.220852,0.575916,0.316284,1.043214
87.400000,0.406301,0.938641,0.212427,0.380052,1.220744,0.575882,0.316260,1.043185
87.600000,0.406314,0.938991,0.212773,0.380185,1.221081,0.576083,0.316228,1.043455
87.800000,0.406206,0.938735,0.212799,0.380188,1.221153,0.576173,0.316247,1.043695
88.000000,0.406340,0.938764,0.212753,0.380126,1.221320,0.576472,0.316047,1.043625
88.200000,0.406186,0.938773,0.212510,0.380342,1.221458,0.576539,0.316240,1.043677
88.400000,0.406145,0.938772,0.212875,0.380499,1.221384,0.576653,0.316184,1.044136
88.600000,0.406132,0.938824,0.212970,0.380644,1.221431,0.576803,0.316197,1.044164
88.800000,0.406185,0.938959,0.212804,0.380669,1.221861,0.576828,0.316270,1.044219
89.000000,0.405977,0.938783,0.212976,0.380740,1.221725,0.576964,0.316229,1.044453
89.200000,0.405931,0.938773,0.212992,0.381089,1.221721,0.576962,0.316306,1.044370
89.400000,0.405824,0.938915,0.213081,0.380899,1.222004,0.577188,0.316291,1.044713
89.600000,0.405859,0.938970,0.213093,0.381110,1.222122,0.577308,0.316247,1.044486
89.800000,0.405634,0.938979,0.213028,0.381102,1.222120,0.577394,0.316286,1.044910
90.000000,0.405687,0.938845,0.213144,0.381113,1.222081,0.577412,0.316443,1.044812
