时间(s),MP3B传感器(V),TGS2620传感器(V),MP801传感器(V),WSP2110传感器(V),TGS2609传感器(V),TGS2603传感器(V),TGS2602传感器(V),TGS2600传感器(V)
0.200000,0.194228,0.411525,0.167019,0.225086,0.488558,0.482673,0.217242,0.405659
0.400000,0.194064,0.410418,0.166794,0.224550,0.486136,0.482930,0.216683,0.403932
0.600000,0.194022,0.409712,0.166892,0.224200,0.484455,0.482577,0.216577,0.402880
0.800000,0.193828,0.409262,0.166748,0.223934,0.483028,0.482888,0.216383,0.401899
1.000000,0.193808,0.408741,0.166720,0.223753,0.481598,0.482557,0.216153,0.400938
1.200000,0.193847,0.408108,0.166658,0.223229,0.480115,0.482495,0.216020,0.399750
1.400000,0.193680,0.407578,0.166596,0.223017,0.478470,0.482528,0.215791,0.398608
1.600000,0.193698,0.407143,0.166520,0.222530,0.477067,0.482441,0.215510,0.397400
1.800000,0.193772,0.406693,0.166553,0.222276,0.475727,0.482381,0.215285,0.396574
2.000000,0.193657,0.406340,0.166438,0.221877,0.474371,0.482255,0.215051,0.395443
2.200000,0.193644,0.405543,0.166483,0.221583,0.472733,0.482270,0.214796,0.394423
2.400000,0.193632,0.405004,0.166214,0.221205,0.471477,0.482321,0.214582,0.392980
2.600000,0.193552,0.404796,0.166202,0.220817,0.470054,0.482199,0.214369,0.392014
2.800000,0.193499,0.404124,0.166254,0.220777,0.468537,0.482066,0.214176,0.391152
3.000000,0.193476,0.403552,0.166302,0.220394,0.467261,0.482037,0.214067,0.390137
3.200000,0.193282,0.403207,0.166219,0.219913,0.466021,0.482065,0.213703,0.389019
3.400000,0.193464,0.402698,0.166021,0.219807,0.464487,0.482078,0.213559,0.388055
3.600000,0.193189,0.402255,0.166156,0.219569,0.463265,0.481905,0.213168,0.387059
3.800000,0.193308,0.401686,0.166134,0.219185,0.461960,0.481917,0.213086,0.386059
4.000000,0.193452,0.401449,0.166092,0.218946,0.460689,0.481822,0.212902,0.385041
4.200000,0.193047,0.400746,0.165984,0.218597,0.458990,0.481790,0.212944,0.384147
4.400000,0.193031,0.400379,0.165945,0.218269,0.458038,0.481784,0.212441,0.383115
4.600000,0.193106,0.399773,0.165926,0.218020,0.456560,0.481678,0.212201,0.382009
4.800000,0.193096,0.399459,0.165826,0.217638,0.455256,0.481580,0.212005,0.381298
5.000000,0.192971,0.398865,0.165862,0.217429,0.453993,0.481628,0.211737,0.380228
5.200000,0.193065,0.398675,0.165842,0.217283,0.452836,0.481707,0.211600,0.379410
5.400000,0.193000,0.398219,0.165858,0.216718,0.451657,0.481677,0.211396,0.378289
5.600000,0.193018,0.397583,0.165764,0.216545,0.450217,0.481560,0.211130,0.377389
5.800000,0.192862,0.397138,0.165564,0.216329,0.449069,0.481265,0.210975,0.376461
6.000000,0.192994,0.396810,0.165566,0.216045,0.447916,0.481429,0.210775,0.375568
6.200000,0.192837,0.396342,0.165619,0.215769,0.446543,0.481327,0.210555,0.374617
6.400000,0.192830,0.396003,0.165610,0.215598,0.445331,0.481395,0.210342,0.373657
6.600000,0.192608,0.395364,0.165647,0.215169,0.443783,0.481377,0.210060,0.372393
6.800000,0.192573,0.395024,0.165511,0.214869,0.442472,0.481235,0.209826,0.371652
7.000000,0.192462,0.394488,0.165428,0.214444,0.441226,0.481212,0.209578,0.370519
7.200000,0.192664,0.394006,0.165406,0.214508,0.440069,0.481303,0.209433,0.369846
7.400000,0.192713,0.393547,0.165271,0.214108,0.438902,0.481020,0.209345,0.368939
7.600000,0.192548,0.393316,0.165379,0.213795,0.437639,0.480991,0.208821,0.367982
7.800000,0.192319,0.392888,0.165320,0.213584,0.436515,0.480859,0.208789,0.367172
8.000000,0.192463,0.392506,0.165308,0.213332,0.435513,0.480873,0.208605,0.366229
8.200000,0.192344,0.392097,0.165218,0.213159,0.434375,0.480682,0.208337,0.365406
8.400000,0.192282,0.391758,0.165152,0.212964,0.433307,0.480872,0.208142,0.364797
8.600000,0.192378,0.391251,0.164987,0.212480,0.432218,0.480849,0.207906,0.363793
8.800000,0.192332,0.390959,0.165185,0.212359,0.431109,0.480885,0.207841,0.363005
9.000000,0.192359,0.351681,0.165112,0.212091,0.429983,0.480800,0.207655,0.362216
9.200000,0.192218,0.390091,0.164966,0.211861,0.428844,0.480757,0.207377,0.361113
9.400000,0.192203,0.389819,0.165070,0.211511,0.427930,0.480648,0.207198,0.360472
9.600000,0.192255,0.389382,0.164986,0.211407,0.426703,0.480425,0.206991,0.359759
9.800000,0.192016,0.388951,0.164947,0.211142,0.425713,0.480467,0.206778,0.358897
10.000000,0.192066,0.388524,0.164876,0.210991,0.424630,0.480450,0.206469,0.358014
10.200000,0.192059,0.388396,0.164908,0.210825,0.423520,0.480287,0.206543,0.357260
10.400000,0.191996,0.387821,0.164913,0.210276,0.422582,0.480207,0.206200,0.356594
10.600000,0.191994,0.387633,0.164822,0.210189,0.421536,0.480439,0.206059,0.355961
10.800000,0.191804,0.387316,0.164652,0.210058,0.420430,0.480329,0.205786,0.354833
11.000000,0.191907,0.386885,0.164793,0.209808,0.419535,0.480263,0.205687,0.354408
11.200000,0.191857,0.386649,0.164713,0.209475,0.418495,0.480088,0.205315,0.353540
11.400000,0.191937,0.386261,0.164784,0.209217,0.417352,0.480148,0.205311,0.352802
11.600000,0.191778,0.386010,0.164703,0.209072,0.416359,0.479925,0.205088,0.352036
11.800000,0.191783,0.385458,0.164698,0.208868,0.415629,0.480149,0.204919,0.351186
12.000000,0.191729,0.385266,0.164531,0.208620,0.414533,0.479895,0.204704,0.350546
12.200000,0.191696,0.384724,0.164607,0.208452,0.413570,0.479924,0.204589,0.349827
12.400000,0.191799,0.384299,0.164602,0.208263,0.412374,0.479774,0.204335,0.349197
12.600000,0.191550,0.384050,0.164515,0.207977,0.411222,0.479732,0.204131,0.348275
12.800000,0.191617,0.383704,0.164449,0.207763,0.410512,0.479632,0.203917,0.347654
13.000000,0.191557,0.383517,0.164444,0.207263,0.409625,0.479885,0.203765,0.347006
13.200000,0.191537,0.383229,0.164404,0.207237,0.408678,0.479720,0.203673,0.346283
13.400000,0.191532,0.382925,0.164441,0.207252,0.407913,0.479632,0.203481,0.345740
13.600000,0.191447,0.382414,0.164214,0.207048,0.407100,0.479622,0.203306,0.345075
13.800000,0.191453,0.382373,0.164464,0.206820,0.406325,0.479690,0.203152,0.344448
14.000000,0.191511,0.381823,0.164220,0.206700,0.405518,0.479625,0.203019,0.343905
14.200000,0.191407,0.381767,0.164478,0.206527,0.404580,0.479559,0.202684,0.343226
14.400000,0.191222,0.381395,0.164316,0.206183,0.403785,0.479311,0.202523,0.342565
14.600000,0.191345,0.381283,0.164199,0.206280,0.403027,0.479451,0.202402,0.341997
14.800000,0.191286,0.380777,0.164331,0.205919,0.402216,0.479382,0.202342,0.341198
15.000000,0.191311,0.380584,0.164286,0.205804,0.401261,0.479361,0.202178,0.340784
15.200000,0.191270,0.380331,0.164216,0.205587,0.400326,0.479211,0.201971,0.340094
15.400000,0.191075,0.380050,0.164169,0.205289,0.399901,0.479131,0.202008,0.339382
15.600000,0.191072,0.379652,0.164125,0.205110,0.398926,0.478987,0.201712,0.338967
15.800000,0.191167,0.379452,0.164182,0.205086,0.398175,0.479159,0.201478,0.338399
16.000000,0.191143,0.379163,0.164073,0.204890,0.397357,0.479074,0.201265,0.337772
16.200000,0.191105,0.378742,0.163916,0.204653,0.396623,0.479027,0.201257,0.337179
16.400000,0.191030,0.378395,0.164003,0.204544,0.395679,0.479046,0.201102,0.336534
16.600000,0.191057,0.378361,0.164157,0.204389,0.394919,0.479049,0.200816,0.336062
16.800000,0.191035,0.378047,0.163935,0.204172,0.394182,0.478857,0.200728,0.335485
17.000000,0.190991,0.377805,0.163838,0.203818,0.393486,0.478841,0.200778,0.334858
17.200000,0.190990,0.377578,0.163887,0.203714,0.392653,0.478734,0.200647,0.334287
17.400000,0.190963,0.377225,0.163769,0.203586,0.391895,0.478819,0.200267,0.333470
17.600000,0.190926,0.377038,0.163871,0.203400,0.391167,0.478638,0.200186,0.333154
17.800000,0.190880,0.376709,0.163866,0.203283,0.390423,0.478684,0.199997,0.332663
18.000000,0.190737,0.376486,0.163817,0.203183,0.389808,0.478696,0.199817,0.332113
18.200000,0.190840,0.376192,0.163984,0.203152,0.388986,0.478566,0.199788,0.331556
18.400000,0.190733,0.375916,0.163765,0.202720,0.388277,0.478599,0.199600,0.331017
18.600000,0.190833,0.375723,0.163873,0.202696,0.387421,0.478647,0.199385,0.330417
18.800000,0.190752,0.375591,0.163613,0.202525,0.386756,0.478494,0.199384,0.329976
19.000000,0.190798,0.375121,0.163771,0.202454,0.385758,0.478457,0.199099,0.329133
19.200000,0.190716,0.374778,0.163624,0.202096,0.385200,0.478402,0.198931,0.328743
19.400000,0.190705,0.374736,0.163646,0.202131,0.384387,0.478147,0.198714,0.328344
19.600000,0.190624,0.374364,0.163584,0.201996,0.383893,0.478296,0.198643,0.327662
19.800000,0.190603,0.374050,0.163679,0.201646,0.383127,0.477975,0.198367,0.327070
20.000000,0.190595,0.373709,0.163499,0.201465,0.382454,0.478293,0.198457,0.326563
20.200000,0.190718,0.373533,0.163659,0.201218,0.381728,0.478295,0.198252,0.325990
20.400000,0.190550,0.373499,0.163478,0.201245,0.381075,0.477974,0.197918,0.325768
20.600000,0.190550,0.373037,0.163540,0.201008,0.380382,0.477975,0.197932,0.325031
20.800000,0.190517,0.372800,0.163544,0.201107,0.379704,0.478138,0.197802,0.324615
21.000000,0.190308,0.372700,0.163494,0.200828,0.379018,0.477788,0.197681,0.324129
21.200000,0.190291,0.372664,0.163558,0.200657,0.378405,0.477940,0.197501,0.323550
21.400000,0.190287,0.372130,0.163307,0.200367,0.377727,0.477768,0.197368,0.323167
21.600000,0.190420,0.371984,0.163505,0.200449,0.376919,0.477820,0.197296,0.322800
21.800000,0.190366,0.371552,0.163299,0.200113,0.376398,0.477862,0.197002,0.322170
22.000000,0.190347,0.371470,0.163349,0.199974,0.375676,0.477628,0.197141,0.321651
22.200000,0.190321,0.371196,0.163319,0.199976,0.375000,0.477734,0.196661,0.321157
22.400000,0.190313,0.371082,0.163389,0.199739,0.374338,0.477684,0.196735,0.320702
22.600000,0.190427,0.370835,0.163574,0.199718,0.373719,0.477479,0.196591,0.320221
22.800000,0.190256,0.370522,0.163329,0.199499,0.373219,0.477571,0.196486,0.319749
23.000000,0.190199,0.370224,0.163283,0.199345,0.372361,0.477497,0.196289,0.319269
23.200000,0.190213,0.370175,0.163296,0.199206,0.371724,0.477370,0.196093,0.318784
23.400000,0.190002,0.369932,0.163140,0.199082,0.371134,0.477396,0.196040,0.318409
23.600000,0.190185,0.369507,0.163136,0.198946,0.370688,0.477364,0.195969,0.317864
23.800000,0.190165,0.369532,0.163192,0.198933,0.370022,0.477337,0.195810,0.317485
24.000000,0.189979,0.369147,0.163195,0.198922,0.369345,0.477168,0.195658,0.316988
24.200000,0.190107,0.368996,0.163162,0.198514,0.368657,0.477252,0.195357,0.316613
24.400000,0.190095,0.368812,0.163264,0.198476,0.367890,0.477262,0.195400,0.316077
24.600000,0.190044,0.368555,0.163159,0.198019,0.367603,0.477057,0.195181,0.315614
24.800000,0.190004,0.368372,0.163316,0.198146,0.366890,0.477126,0.195129,0.315382
25.000000,0.190024,0.368248,0.163019,0.198040,0.366463,0.476879,0.195060,0.314669
25.200000,0.189857,0.367757,0.163095,0.197819,0.365724,0.476893,0.194739,0.314218
25.400000,0.189951,0.367680,0.163158,0.197701,0.365158,0.476957,0.194814,0.313774
25.600000,0.189933,0.367325,0.163053,0.197586,0.364574,0.476908,0.194559,0.313401
25.800000,0.189945,0.367225,0.162873,0.197585,0.363799,0.476718,0.194448,0.312895
26.000000,0.189887,0.367057,0.162920,0.197402,0.363390,0.476883,0.194297,0.312464
26.200000,0.189867,0.366911,0.162952,0.197263,0.363004,0.476693,0.194287,0.312077
26.400000,0.189856,0.366650,0.162947,0.197091,0.362209,0.476810,0.194140,0.311670
26.600000,0.189830,0.366448,0.163054,0.197120,0.361695,0.476782,0.194191,0.311219
26.800000,0.189683,0.366316,0.162814,0.196831,0.361056,0.476560,0.193883,0.310737
27.000000,0.189789,0.365961,0.163060,0.196596,0.360591,0.476656,0.193661,0.310225
27.200000,0.189763,0.365892,0.162779,0.196418,0.359927,0.476478,0.193504,0.309817
27.400000,0.189759,0.365581,0.162866,0.196477,0.359489,0.476424,0.193325,0.309704
27.600000,0.189698,0.365458,0.162848,0.196243,0.358971,0.476295,0.193231,0.309125
27.800000,0.189751,0.365406,0.162872,0.196099,0.358383,0.476437,0.193302,0.308757
28.000000,0.189686,0.364883,0.162833,0.195946,0.357890,0.476353,0.193160,0.308360
28.200000,0.189561,0.364851,0.162800,0.196061,0.357227,0.476388,0.193055,0.307832
28.400000,0.189581,0.364553,0.162801,0.195791,0.356876,0.476133,0.192905,0.307555
28.600000,0.189615,0.364671,0.162767,0.195716,0.356272,0.476250,0.192838,0.307032
28.800000,0.189490,0.364266,0.162784,0.195490,0.355401,0.476300,0.192704,0.306754
29.000000,0.189617,0.364184,0.162641,0.195319,0.355086,0.476163,0.192611,0.306274
29.200000,0.189658,0.364004,0.162614,0.195332,0.354660,0.476090,0.192494,0.306022
29.400000,0.189558,0.363681,0.162678,0.195265,0.353991,0.476033,0.192261,0.305499
29.600000,0.189507,0.363364,0.162658,0.195087,0.353547,0.476041,0.192134,0.305293
29.800000,0.189363,0.363319,0.162631,0.195064,0.353234,0.476014,0.192152,0.304918
30.000000,0.189309,0.363033,0.162524,0.194923,0.352772,0.476065,0.192084,0.304435
30.200000,0.189366,0.362963,0.162520,0.194851,0.352317,0.475913,0.192066,0.303980
30.400000,0.189323,0.362841,0.162621,0.194562,0.351607,0.475790,0.191837,0.303744
30.600000,0.189765,0.362613,0.162525,0.194454,0.351228,0.475878,0.191709,0.303369
30.800000,0.191277,0.362451,0.162569,0.194508,0.350655,0.475636,0.191640,0.302967
31.000000,0.193929,0.362376,0.162500,0.194336,0.350208,0.475644,0.191526,0.302664
31.200000,0.198201,0.362223,0.162635,0.194373,0.349819,0.475713,0.191504,0.302386
31.400000,0.203446,0.361952,0.162607,0.193947,0.349519,0.475544,0.191337,0.302169
31.600000,0.209997,0.361716,0.162534,0.194095,0.349401,0.475416,0.191286,0.302084
31.800000,0.217599,0.361779,0.162565,0.194179,0.349705,0.475591,0.191310,0.302303
32.000000,0.225678,0.361733,0.162758,0.194367,0.350195,0.475556,0.191230,0.302731
32.200000,0.234176,0.361911,0.163239,0.194517,0.351147,0.475758,0.191264,0.303226
32.400000,0.242186,0.362227,0.162707,0.194827,0.352727,0.475509,0.191314,0.304273
32.600000,0.249964,0.362549,0.162939,0.195309,0.354523,0.475629,0.191328,0.305503
32.800000,0.257236,0.363439,0.162909,0.195450,0.356939,0.475490,0.191465,0.307462
33.000000,0.264021,0.364549,0.162907,0.196296,0.359506,0.475489,0.191627,0.309356
33.200000,0.270070,0.365846,0.163305,0.197046,0.362847,0.475588,0.191756,0.311618
33.400000,0.275284,0.367802,0.163385,0.197974,0.366488,0.475577,0.192094,0.314266
33.600000,0.280188,0.370084,0.163651,0.199071,0.370429,0.475651,0.192233,0.317159
33.800000,0.284450,0.372855,0.164025,0.200204,0.374651,0.475665,0.192549,0.320215
34.000000,0.288114,0.375989,0.164282,0.201466,0.379221,0.475663,0.192645,0.323392
34.200000,0.291454,0.379602,0.164771,0.202784,0.383995,0.475692,0.192989,0.327119
34.400000,0.294428,0.383805,0.165193,0.204228,0.389393,0.475695,0.193275,0.331234
34.600000,0.297057,0.388346,0.165623,0.205832,0.394492,0.475705,0.193383,0.335006
34.800000,0.299217,0.393218,0.166028,0.207233,0.400282,0.475693,0.193740,0.339204
35.000000,0.300993,0.398459,0.166625,0.208855,0.406159,0.475669,0.194144,0.343538
35.200000,0.302738,0.403914,0.167050,0.210493,0.412206,0.475817,0.194499,0.348315
35.400000,0.304181,0.409542,0.167648,0.212056,0.417933,0.475860,0.194943,0.352486
35.600000,0.305439,0.415141,0.167907,0.213639,0.423667,0.475908,0.195138,0.356931
35.800000,0.306267,0.421116,0.168262,0.215297,0.429444,0.475912,0.195426,0.361622
36.000000,0.307192,0.427260,0.168806,0.216683,0.435548,0.475960,0.195684,0.366185
36.200000,0.308126,0.433583,0.169122,0.218099,0.441304,0.475985,0.196174,0.371046
36.400000,0.308822,0.440039,0.169551,0.219831,0.447558,0.476002,0.196443,0.375674
36.600000,0.309335,0.446539,0.169892,0.221517,0.453919,0.476034,0.196787,0.380641
36.800000,0.309993,0.453473,0.170311,0.223080,0.460320,0.476058,0.197026,0.385675
37.000000,0.310425,0.460355,0.170642,0.224587,0.466538,0.475941,0.197484,0.390605
37.200000,0.310878,0.467417,0.170960,0.226062,0.473440,0.476215,0.197781,0.396321
37.400000,0.311125,0.476835,0.171654,0.228091,0.481427,0.476006,0.198333,0.402570
37.600000,0.311571,0.483984,0.172068,0.229561,0.488056,0.476222,0.198751,0.407727
37.800000,0.311805,0.491048,0.172476,0.230950,0.494584,0.476157,0.199053,0.413013
38.000000,0.311911,0.498393,0.172696,0.232474,0.501031,0.476181,0.199371,0.418230
38.200000,0.312290,0.505540,0.173205,0.234214,0.507525,0.476336,0.199788,0.423618
38.400000,0.312379,0.512998,0.173633,0.235734,0.514176,0.476197,0.200153,0.428746
38.600000,0.273447,0.520228,0.174074,0.236997,0.520885,0.476292,0.200483,0.434092
38.800000,0.312520,0.527895,0.174266,0.238579,0.527728,0.476378,0.200856,0.439729
39.000000,0.312720,0.535008,0.174823,0.239998,0.534439,0.476436,0.201239,0.444906
39.200000,0.312956,0.542541,0.175197,0.241473,0.541251,0.476499,0.201681,0.450435
39.400000,0.312887,0.549645,0.175469,0.242956,0.548083,0.476599,0.201980,0.455706
39.600000,0.312876,0.556834,0.175772,0.244296,0.554431,0.476638,0.202383,0.461053
39.800000,0.312939,0.563967,0.176102,0.245844,0.561414,0.476633,0.202901,0.466415
40.000000,0.312874,0.570859,0.176487,0.247062,0.568094,0.476613,0.202954,0.471770
40.200000,0.313087,0.578126,0.176923,0.248634,0.575081,0.476655,0.203658,0.477177
40.400000,0.312983,0.585099,0.177192,0.250011,0.581936,0.476658,0.203908,0.482588
40.600000,0.312986,0.591953,0.177553,0.251409,0.588551,0.476822,0.204302,0.487909
40.800000,0.312876,0.598535,0.177654,0.252685,0.595507,0.476745,0.204524,0.493307
41.000000,0.313098,0.605437,0.178087,0.254142,0.602337,0.476757,0.205016,0.498533
41.200000,0.313013,0.612134,0.178632,0.255305,0.608943,0.476812,0.205393,0.503907
41.400000,0.312838,0.618331,0.178711,0.256669,0.615798,0.476891,0.205736,0.509188
41.600000,0.312953,0.624572,0.179187,0.258150,0.622690,0.476863,0.206262,0.514488
41.800000,0.312835,0.630690,0.179593,0.259271,0.629294,0.476978,0.206526,0.519763
42.000000,0.313041,0.637037,0.179839,0.260626,0.636050,0.477127,0.206957,0.525060
42.200000,0.312986,0.642764,0.180113,0.262135,0.642549,0.477098,0.207298,0.530267
42.400000,0.313055,0.648912,0.180418,0.263288,0.649267,0.477032,0.207810,0.535602
42.600000,0.313080,0.654326,0.180768,0.264755,0.656046,0.477033,0.208069,0.540744
42.800000,0.313069,0.659858,0.181056,0.265845,0.662433,0.477055,0.208419,0.545722
43.000000,0.313094,0.665216,0.181078,0.267072,0.669051,0.477189,0.208617,0.550904
43.200000,0.313072,0.670618,0.181325,0.268362,0.675361,0.477229,0.209183,0.555901
43.400000,0.313053,0.675595,0.181927,0.269345,0.681558,0.477394,0.209364,0.560807
43.600000,0.313084,0.680418,0.182144,0.270775,0.687895,0.477195,0.209754,0.565810
43.800000,0.313105,0.686177,0.182577,0.272116,0.695555,0.477203,0.210507,0.571765
44.000000,0.313064,0.690689,0.182753,0.273330,0.701725,0.477400,0.210612,0.576707
44.200000,0.313081,0.695372,0.182961,0.274659,0.707748,0.477305,0.211046,0.581474
44.400000,0.313064,0.699468,0.183135,0.275836,0.713762,0.477462,0.211347,0.585967
44.600000,0.313019,0.703812,0.183512,0.276818,0.719619,0.477575,0.211891,0.590815
44.800000,0.312971,0.707824,0.183774,0.278007,0.725706,0.477656,0.212225,0.595501
45.000000,0.313025,0.711669,0.184057,0.279064,0.731277,0.477597,0.212461,0.599948
45.200000,0.312942,0.715484,0.184311,0.280188,0.736852,0.477684,0.212759,0.604365
45.400000,0.313101,0.719144,0.184373,0.281320,0.742585,0.477690,0.213251,0.608975
45.600000,0.312807,0.722699,0.184853,0.282455,0.748249,0.477740,0.213737,0.613355
45.800000,0.312871,0.726025,0.184998,0.283607,0.753599,0.477799,0.214069,0.617601
46.000000,0.312881,0.729078,0.185218,0.284459,0.758937,0.477901,0.214369,0.621806
46.200000,0.312892,0.732441,0.185413,0.285679,0.764111,0.477784,0.214813,0.625919
46.400000,0.312905,0.735342,0.185620,0.286627,0.769262,0.477865,0.215020,0.630182
46.600000,0.312856,0.738272,0.185848,0.287741,0.774249,0.477880,0.215550,0.634072
46.800000,0.312673,0.740986,0.186030,0.288694,0.779380,0.477938,0.215713,0.638028
47.000000,0.312729,0.743637,0.186262,0.289769,0.784263,0.477917,0.216094,0.642097
47.200000,0.312740,0.746356,0.186438,0.290875,0.788965,0.478166,0.216405,0.645994
47.400000,0.312691,0.748891,0.186723,0.291864,0.793909,0.478117,0.216734,0.649834
47.600000,0.312775,0.751269,0.186813,0.292875,0.798425,0.478091,0.217112,0.653396
47.800000,0.312725,0.753553,0.187057,0.293821,0.803213,0.478144,0.217460,0.657190
48.000000,0.312732,0.756013,0.187219,0.294673,0.807519,0.478191,0.217675,0.660813
48.200000,0.312685,0.757990,0.187389,0.295860,0.811889,0.478121,0.218121,0.664256
48.400000,0.312801,0.760276,0.187619,0.296515,0.816158,0.478272,0.218434,0.667903
48.600000,0.312590,0.762017,0.187719,0.297875,0.820179,0.478285,0.218835,0.671271
48.800000,0.312622,0.764121,0.188139,0.298739,0.824207,0.478333,0.219157,0.674738
49.000000,0.312628,0.765750,0.187990,0.299570,0.828322,0.478324,0.219288,0.677849
49.200000,0.312600,0.767563,0.188441,0.300696,0.832403,0.478377,0.219830,0.681228
49.400000,0.312402,0.769239,0.188311,0.301404,0.836077,0.478242,0.220119,0.684288
49.600000,0.351430,0.771023,0.188471,0.302391,0.840032,0.478387,0.220623,0.687364
49.800000,0.312471,0.772446,0.188882,0.303279,0.843389,0.478403,0.220758,0.690432
50.000000,0.312464,0.774353,0.189015,0.304185,0.847895,0.478475,0.221133,0.694178
50.200000,0.312367,0.776190,0.189154,0.305204,0.852223,0.478588,0.221498,0.697358
50.400000,0.312381,0.777524,0.189331,0.306320,0.855849,0.478653,0.221839,0.700265
50.600000,0.312366,0.778940,0.189362,0.307149,0.859301,0.478563,0.222186,0.703347
50.800000,0.312333,0.780316,0.189792,0.308024,0.862456,0.478652,0.222461,0.705896
51.000000,0.312296,0.781471,0.189744,0.308890,0.865848,0.478724,0.222692,0.708685
51.200000,0.312074,0.782704,0.189907,0.309827,0.869091,0.478771,0.223126,0.711224
51.400000,0.312157,0.783945,0.190100,0.310578,0.872167,0.478787,0.223409,0.714066
51.600000,0.312059,0.784944,0.190157,0.311401,0.875288,0.478694,0.223741,0.716741
51.800000,0.312087,0.786036,0.190170,0.312234,0.878310,0.478813,0.224084,0.719125
52.000000,0.311880,0.787169,0.190521,0.313160,0.881226,0.478812,0.224354,0.721613
52.200000,0.312031,0.788229,0.190648,0.314005,0.884124,0.478919,0.224762,0.723979
52.400000,0.311975,0.788952,0.190752,0.314671,0.887019,0.478821,0.224961,0.726452
52.600000,0.311962,0.790115,0.190921,0.315512,0.889995,0.479025,0.225352,0.728649
52.800000,0.311958,0.791109,0.191004,0.316384,0.892687,0.479044,0.225611,0.730898
53.000000,0.311860,0.791758,0.191336,0.317182,0.895296,0.478892,0.225851,0.733243
53.200000,0.311887,0.792706,0.191297,0.317904,0.898084,0.479174,0.226233,0.735486
53.400000,0.311700,0.793530,0.191410,0.318771,0.900467,0.478978,0.226480,0.737720
53.600000,0.311825,0.794486,0.191458,0.319551,0.902966,0.479105,0.226856,0.739706
53.800000,0.311885,0.795111,0.191590,0.320259,0.905482,0.479028,0.226998,0.741807
54.000000,0.311673,0.795810,0.191736,0.321060,0.907829,0.479173,0.227124,0.743616
54.200000,0.311650,0.796701,0.191651,0.321925,0.910086,0.479257,0.227638,0.745791
54.400000,0.311735,0.797170,0.191979,0.322655,0.912609,0.479343,0.227913,0.747672
54.600000,0.311556,0.798109,0.191972,0.323232,0.914510,0.479358,0.228156,0.749423
54.800000,0.311493,0.798658,0.192174,0.324061,0.916751,0.479333,0.228493,0.751265
55.000000,0.311508,0.799211,0.192447,0.324830,0.918962,0.479332,0.228554,0.753138
55.200000,0.311442,0.799812,0.192356,0.325336,0.920884,0.479344,0.228977,0.754818
55.400000,0.311473,0.800434,0.192367,0.326385,0.923098,0.479350,0.229290,0.756567
55.600000,0.311485,0.800809,0.192567,0.327095,0.924939,0.479434,0.229519,0.758355
55.800000,0.311604,0.801418,0.192822,0.327604,0.927060,0.479393,0.229819,0.759820
56.000000,0.311507,0.802042,0.192840,0.328285,0.928798,0.479530,0.230018,0.761364
56.200000,0.311447,0.802631,0.192977,0.329089,0.931192,0.479675,0.230323,0.763379
56.400000,0.311562,0.803240,0.193170,0.330038,0.933831,0.479689,0.230807,0.765343
56.600000,0.311573,0.803862,0.193103,0.330670,0.935445,0.479611,0.231118,0.766850
56.800000,0.311543,0.804336,0.193195,0.331379,0.937226,0.479716,0.231239,0.768466
57.000000,0.311561,0.804881,0.193238,0.332207,0.939149,0.479838,0.231549,0.769944
57.200000,0.311506,0.805279,0.193411,0.332857,0.940672,0.479838,0.231926,0.771364
57.400000,0.311452,0.805591,0.193462,0.333441,0.942289,0.479857,0.232033,0.772681
57.600000,0.311622,0.805852,0.193521,0.334055,0.943942,0.479817,0.232294,0.774068
57.800000,0.311653,0.806180,0.193731,0.334684,0.945366,0.479786,0.232651,0.775362
58.000000,0.311735,0.806767,0.193648,0.335252,0.947191,0.480030,0.232818,0.776730
58.200000,0.311720,0.807214,0.193799,0.336080,0.948868,0.479915,0.232878,0.777965
58.400000,0.311790,0.807547,0.194003,0.336642,0.950282,0.480185,0.233366,0.779384
58.600000,0.311748,0.808001,0.193864,0.337439,0.951878,0.480107,0.233493,0.780648
58.800000,0.311870,0.808292,0.194038,0.337934,0.953341,0.480036,0.233738,0.781968
59.000000,0.311817,0.808814,0.194200,0.338702,0.954837,0.480111,0.234011,0.782992
59.200000,0.311780,0.809066,0.194128,0.339256,0.956401,0.480045,0.234374,0.784271
59.400000,0.311823,0.809354,0.194316,0.339893,0.957672,0.480235,0.234515,0.785469
59.600000,0.311796,0.810005,0.194482,0.340524,0.959150,0.480292,0.234760,0.786733
59.800000,0.311585,0.810199,0.194498,0.341075,0.960197,0.480291,0.235131,0.787718
60.000000,0.311713,0.810810,0.194414,0.341793,0.961850,0.480424,0.235220,0.788922
60.200000,0.311570,0.810999,0.194607,0.342400,0.962904,0.480290,0.235307,0.789684
60.400000,0.311435,0.811200,0.194558,0.342995,0.964306,0.480211,0.235630,0.790918
60.600000,0.311494,0.811414,0.194830,0.343539,0.965425,0.480422,0.235999,0.791844
60.800000,0.311300,0.811920,0.194750,0.344101,0.966826,0.480282,0.236108,0.793029
61.000000,0.311187,0.811985,0.194979,0.344796,0.968148,0.480495,0.236461,0.793863
61.200000,0.311131,0.812292,0.195096,0.345361,0.968967,0.480486,0.236620,0.794964
61.400000,0.311160,0.812689,0.195183,0.345940,0.970354,0.480415,0.236938,0.795879
61.600000,0.311117,0.812888,0.195073,0.346490,0.971456,0.480564,0.237108,0.796615
61.800000,0.311005,0.813003,0.195102,0.346959,0.972536,0.480526,0.237211,0.797675
62.000000,0.311061,0.813322,0.195205,0.347649,0.973806,0.480458,0.237407,0.798634
62.200000,0.310863,0.813561,0.234228,0.348195,0.974696,0.480630,0.237486,0.799560
62.400000,0.310904,0.813679,0.195414,0.348926,0.975835,0.480709,0.237945,0.800619
62.600000,0.310896,0.813975,0.195409,0.349493,0.977085,0.480721,0.238181,0.801411
62.800000,0.310898,0.814430,0.195398,0.350089,0.978071,0.480844,0.238237,0.802189
63.000000,0.310891,0.814427,0.195603,0.350518,0.978891,0.480936,0.238543,0.803188
63.200000,0.310810,0.814555,0.195737,0.350984,0.979826,0.480660,0.238835,0.804061
63.400000,0.310794,0.814833,0.195652,0.351678,0.980901,0.480671,0.239098,0.804505
63.600000,0.310724,0.815089,0.195530,0.352289,0.981866,0.480815,0.239329,0.805611
63.800000,0.310960,0.815033,0.195684,0.352663,0.982910,0.480889,0.239390,0.806046
64.000000,0.310755,0.815285,0.195857,0.353298,0.983689,0.480961,0.239664,0.806995
64.200000,0.310909,0.815511,0.195897,0.353754,0.984583,0.480862,0.240011,0.807433
64.400000,0.310741,0.815532,0.195773,0.354204,0.985234,0.480956,0.239819,0.807787
64.600000,0.310701,0.815731,0.195965,0.354832,0.986193,0.481123,0.240196,0.809109
64.800000,0.310700,0.815908,0.195940,0.355337,0.987087,0.481147,0.240341,0.809515
65.000000,0.310625,0.815985,0.196020,0.355712,0.987592,0.480871,0.240611,0.810225
65.200000,0.310687,0.816249,0.196139,0.356326,0.988486,0.481061,0.240737,0.811069
65.400000,0.310648,0.816283,0.196077,0.356839,0.989576,0.481336,0.240994,0.811738
65.600000,0.310634,0.816485,0.196284,0.357211,0.990003,0.481205,0.241123,0.812320
65.800000,0.310636,0.816584,0.196280,0.357880,0.991035,0.481169,0.241309,0.812982
66.000000,0.310546,0.816750,0.196328,0.358282,0.991391,0.481354,0.241401,0.813420
66.200000,0.310617,0.816884,0.196504,0.358847,0.992353,0.481498,0.241759,0.814167
66.400000,0.310552,0.817064,0.196410,0.359087,0.992993,0.481361,0.241982,0.814769
66.600000,0.310589,0.817152,0.196667,0.359783,0.993742,0.481556,0.242099,0.815264
66.800000,0.310610,0.817236,0.196494,0.360228,0.994297,0.481402,0.242223,0.815790
67.000000,0.310784,0.817154,0.196636,0.360692,0.995448,0.481450,0.242606,0.816496
67.200000,0.310608,0.817444,0.196614,0.361134,0.995662,0.481629,0.242639,0.816898
67.400000,0.310622,0.817862,0.196719,0.361589,0.996603,0.481460,0.242804,0.817454
67.600000,0.310634,0.817998,0.196747,0.362057,0.997090,0.481554,0.243020,0.817902
67.800000,0.310575,0.817737,0.196779,0.362611,0.997845,0.481410,0.243153,0.818530
68.000000,0.310379,0.818020,0.196825,0.362864,0.998366,0.481305,0.243309,0.818947
68.200000,0.310408,0.818046,0.196951,0.363443,0.998855,0.481562,0.243458,0.819678
68.400000,0.310368,0.818066,0.196987,0.363832,0.999380,0.481636,0.243655,0.820021
68.600000,0.310463,0.818272,0.196884,0.364388,1.000483,0.481719,0.243816,0.820662
68.800000,0.310504,0.818487,0.196870,0.364986,1.000760,0.481933,0.244051,0.821054
69.000000,0.310436,0.818551,0.197084,0.365445,1.001450,0.481743,0.244142,0.821438
69.200000,0.310410,0.818661,0.196999,0.365865,1.002091,0.481780,0.244384,0.822001
69.400000,0.310399,0.818703,0.197032,0.366191,1.002667,0.481960,0.244347,0.822574
69.600000,0.310245,0.818690,0.197050,0.366665,1.002908,0.481887,0.244658,0.823029
69.800000,0.310351,0.819055,0.197278,0.367047,1.003818,0.481959,0.244888,0.823513
70.000000,0.310324,0.818952,0.197287,0.367493,1.004190,0.481976,0.245038,0.823535
70.200000,0.310336,0.818887,0.197437,0.367884,1.004603,0.482003,0.245117,0.824075
70.400000,0.310072,0.818963,0.197204,0.368345,1.005183,0.481978,0.245252,0.824658
70.600000,0.310200,0.819117,0.197340,0.368689,1.005300,0.481822,0.245452,0.824930
70.800000,0.310141,0.819280,0.197448,0.369133,1.006094,0.482020,0.245571,0.825388
71.000000,0.310119,0.819286,0.197322,0.369646,1.006758,0.482107,0.245693,0.825660
71.200000,0.310139,0.819404,0.197701,0.370024,1.006929,0.482214,0.245926,0.826411
71.400000,0.310125,0.819517,0.197536,0.370333,1.007500,0.482026,0.246078,0.826460
71.600000,0.310135,0.819418,0.197494,0.370870,1.007971,0.482308,0.246209,0.826873
71.800000,0.310012,0.819792,0.197686,0.371208,1.008327,0.482280,0.246306,0.827218
72.000000,0.309929,0.819632,0.197635,0.371602,1.008809,0.482265,0.246535,0.827597
72.200000,0.310091,0.819557,0.197723,0.371906,1.009069,0.482309,0.246674,0.828027
72.400000,0.310041,0.819807,0.197407,0.372178,1.009774,0.482224,0.246795,0.828377
72.600000,0.310146,0.819933,0.197679,0.372796,1.010188,0.482462,0.246946,0.828653
72.800000,0.310159,0.819948,0.197681,0.373150,1.010625,0.482233,0.246909,0.828908
73.000000,0.310156,0.820081,0.197768,0.373545,1.010974,0.482261,0.247070,0.829347
73.200000,0.310077,0.820094,0.197811,0.373951,1.011351,0.482369,0.247300,0.829653
73.400000,0.310200,0.820091,0.197858,0.374014,1.011903,0.482490,0.247366,0.829898
73.600000,0.310150,0.820164,0.197693,0.374723,1.012218,0.482377,0.247607,0.830232
73.800000,0.310166,0.781348,0.198029,0.375124,1.012833,0.482559,0.247734,0.830571
74.000000,0.310160,0.781321,0.198100,0.375376,1.013153,0.482565,0.247879,0.830585
74.200000,0.310205,0.820361,0.198154,0.375671,1.013188,0.482620,0.248062,0.831167
74.400000,0.310060,0.820527,0.198106,0.376314,1.013765,0.482772,0.248224,0.831492
74.600000,0.310085,0.820576,0.198131,0.376620,1.014277,0.482757,0.248320,0.831881
74.800000,0.310041,0.820718,0.198200,0.377113,1.014669,0.482743,0.248476,0.832352
75.000000,0.309991,0.820726,0.198060,0.377430,1.015060,0.482770,0.248333,0.832387
75.200000,0.310008,0.820865,0.198090,0.377834,1.015260,0.482770,0.248762,0.832918
75.400000,0.309932,0.820635,0.198095,0.378225,1.015588,0.482801,0.248802,0.833047
75.600000,0.310054,0.820673,0.198202,0.378447,1.015809,0.482666,0.248996,0.833183
75.800000,0.309756,0.820959,0.198108,0.378922,1.016345,0.482920,0.249124,0.833646
76.000000,0.309838,0.821034,0.198336,0.379202,1.016431,0.482913,0.249165,0.833969
76.200000,0.309860,0.821075,0.198510,0.379517,1.017116,0.482916,0.249355,0.834178
76.400000,0.309757,0.820972,0.198419,0.379794,1.017256,0.482933,0.249581,0.834496
76.600000,0.309879,0.821000,0.198420,0.380393,1.017603,0.482984,0.249527,0.834584
76.800000,0.309833,0.820972,0.198469,0.380651,1.017696,0.483058,0.249485,0.834828
77.000000,0.309732,0.821050,0.198461,0.380873,1.018089,0.483000,0.249674,0.835144
77.200000,0.309704,0.821136,0.198502,0.381299,1.018193,0.483058,0.249895,0.835292
77.400000,0.309693,0.821034,0.198488,0.381498,1.018415,0.483008,0.250086,0.834631
77.600000,0.309694,0.821096,0.198644,0.381806,1.018909,0.483201,0.250186,0.835639
77.800000,0.309740,0.821223,0.198451,0.382289,1.019072,0.482991,0.250095,0.835996
78.000000,0.309348,0.821264,0.198622,0.382453,1.019274,0.483182,0.250350,0.835980
78.200000,0.309493,0.821101,0.198643,0.382831,1.019396,0.483218,0.250515,0.836338
78.400000,0.309460,0.821096,0.198614,0.383177,1.019894,0.483195,0.250623,0.836519
78.600000,0.309573,0.821123,0.198795,0.383531,1.019921,0.483170,0.250647,0.836346
78.800000,0.309462,0.821459,0.198585,0.383846,1.020265,0.483272,0.250792,0.836998
79.000000,0.309371,0.821500,0.198672,0.384175,1.020357,0.483336,0.250909,0.837156
79.200000,0.309339,0.821243,0.198731,0.384510,1.020739,0.483349,0.250977,0.837393
79.400000,0.309430,0.821388,0.198820,0.384637,1.020996,0.483363,0.251107,0.837660
79.600000,0.309228,0.821440,0.198681,0.385092,1.021127,0.483259,0.251157,0.837565
79.800000,0.309356,0.821262,0.198788,0.385417,1.021314,0.483490,0.251352,0.838009
80.000000,0.309380,0.821426,0.198786,0.385756,1.021607,0.483491,0.251400,0.838034
80.200000,0.309008,0.821573,0.198824,0.386132,1.022179,0.483474,0.251357,0.838264
80.400000,0.309371,0.822101,0.198962,0.386375,1.022171,0.483519,0.251371,0.838516
80.600000,0.309332,0.821560,0.198874,0.386757,1.021918,0.483726,0.251710,0.838590
80.800000,0.309327,0.821468,0.199099,0.386834,1.022362,0.483629,0.251766,0.838801
81.000000,0.309423,0.821639,0.198789,0.387241,1.022706,0.483612,0.251893,0.838930
81.200000,0.309293,0.821399,0.198914,0.387681,1.022726,0.483646,0.251950,0.839083
81.400000,0.309294,0.821621,0.198846,0.387732,1.022946,0.483597,0.252056,0.839163
81.600000,0.309323,0.821625,0.198858,0.388031,1.023405,0.483728,0.252150,0.839424
81.800000,0.309291,0.821619,0.199015,0.388349,1.023387,0.483740,0.252277,0.839594
82.000000,0.309331,0.821812,0.199074,0.388693,1.023682,0.483821,0.252351,0.839756
82.200000,0.309149,0.821624,0.198991,0.388910,1.023631,0.483766,0.252448,0.839903
82.400000,0.309201,0.821536,0.199103,0.389209,1.023961,0.483838,0.252398,0.840051
82.600000,0.309327,0.821667,0.199013,0.389524,1.024120,0.483733,0.252535,0.840063
82.800000,0.309297,0.821540,0.198985,0.389416,1.024298,0.483892,0.252797,0.840394
83.000000,0.309168,0.821719,0.199191,0.389882,1.024343,0.483979,0.252791,0.840470
83.200000,0.309172,0.821787,0.199161,0.390275,1.024733,0.483971,0.252910,0.840610
83.400000,0.309266,0.821781,0.199218,0.390514,1.024578,0.484008,0.252937,0.840756
83.600000,0.309421,0.821703,0.199390,0.390906,1.024791,0.483868,0.253011,0.840903
83.800000,0.309293,0.821810,0.199156,0.391089,1.024940,0.484038,0.253106,0.841014
84.000000,0.309181,0.821733,0.199235,0.391310,1.024976,0.483998,0.253145,0.841164
84.200000,0.309189,0.821812,0.199370,0.391565,1.025245,0.483786,0.253241,0.841214
84.400000,0.309168,0.821840,0.199336,0.391781,1.025397,0.484060,0.253319,0.841163
84.600000,0.308986,0.821672,0.199027,0.391697,1.025529,0.483969,0.253357,0.841256
84.800000,0.309055,0.821737,0.199407,0.392295,1.025666,0.484030,0.253451,0.841630
85.000000,0.308893,0.821705,0.199402,0.392488,1.025818,0.484129,0.253576,0.841561
85.200000,0.309097,0.821951,0.199277,0.392626,1.026085,0.484240,0.253602,0.841907
85.400000,0.309054,0.821889,0.199532,0.392988,1.026265,0.484279,0.253688,0.841934
85.600000,0.308970,0.821740,0.199382,0.393324,1.025856,0.484241,0.253782,0.841904
85.800000,0.308751,0.821542,0.199427,0.393076,1.026045,0.484014,0.253664,0.841836
86.000000,0.308550,0.821394,0.199373,0.393488,1.026096,0.484066,0.253788,0.841860
86.200000,0.308539,0.821648,0.199181,0.394025,1.026600,0.484182,0.253977,0.842431
86.400000,0.308876,0.821834,0.199574,0.394247,1.026439,0.484141,0.253956,0.842310
86.600000,0.308847,0.821813,0.199511,0.394559,1.026638,0.484408,0.254136,0.842566
86.800000,0.308808,0.821812,0.199567,0.394626,1.026948,0.484427,0.254302,0.842643
87.000000,0.308799,0.821738,0.199515,0.394905,1.026840,0.484394,0.254154,0.842611
87.200000,0.308747,0.821984,0.199433,0.395120,1.027140,0.484430,0.254265,0.842812
87.400000,0.308706,0.821873,0.199485,0.395498,1.026996,0.484350,0.254282,0.842807
87.600000,0.308822,0.821736,0.199643,0.395509,1.027087,0.484550,0.254255,0.842811
87.800000,0.308819,0.821896,0.199598,0.395718,1.027347,0.484608,0.254595,0.842984
88.000000,0.308654,0.821706,0.199603,0.396141,1.027246,0.484615,0.254555,0.843017
88.200000,0.308653,0.821450,0.199628,0.395989,1.027677,0.484610,0.254597,0.843192
88.400000,0.308633,0.821716,0.199675,0.396464,1.027527,0.484601,0.254802,0.843089
88.600000,0.308613,0.821536,0.199593,0.396609,1.027470,0.484615,0.254757,0.843049
88.800000,0.308601,0.821708,0.199507,0.396920,1.027724,0.484768,0.254850,0.843161
89.000000,0.308595,0.821810,0.199335,0.397072,1.027787,0.484520,0.254940,0.843204
89.200000,0.308631,0.821755,0.199767,0.397281,1.027921,0.484515,0.254846,0.843263
89.400000,0.308428,0.821675,0.199704,0.397602,1.027837,0.484643,0.255036,0.843451
89.600000,0.308527,0.821772,0.199723,0.397789,1.028121,0.484722,0.255150,0.843572
89.800000,0.308432,0.821765,0.199761,0.397996,1.027876,0.484900,0.255209,0.843613
90.000000,0.308130,0.821523,0.199846,0.398114,1.028064,0.484647,0.255256,0.843688
