时间(s),MP3B传感器(V),TGS2620传感器(V),MP801传感器(V),WSP2110传感器(V),TGS2609传感器(V),TGS2603传感器(V),TGS2602传感器(V),TGS2600传感器(V)
0.200000,0.055598,0.479609,0.219062,0.301701,0.577954,0.501937,0.257425,0.486723
0.400000,0.055467,0.478365,0.218833,0.300608,0.574842,0.502088,0.257090,0.484537
0.600000,0.055494,0.477663,0.218672,0.300585,0.573209,0.501905,0.257015,0.483258
0.800000,0.055459,0.477349,0.218839,0.300215,0.571734,0.502014,0.256909,0.481961
1.000000,0.055434,0.476538,0.218939,0.299734,0.570026,0.502057,0.256819,0.480866
1.200000,0.055434,0.475987,0.218840,0.299234,0.568656,0.502005,0.256684,0.479634
1.400000,0.055423,0.475329,0.218691,0.299067,0.566910,0.501906,0.256634,0.478370
1.600000,0.055372,0.474852,0.218649,0.298606,0.565230,0.501599,0.256379,0.477147
1.800000,0.055280,0.474128,0.218618,0.298392,0.563842,0.501518,0.256376,0.476048
2.000000,0.055411,0.473529,0.218733,0.297908,0.562288,0.501824,0.256377,0.474994
2.200000,0.055383,0.472978,0.218557,0.297671,0.560734,0.501757,0.256155,0.473622
2.400000,0.055251,0.472327,0.218359,0.297285,0.559197,0.501613,0.255890,0.472403
2.600000,0.055416,0.471853,0.218363,0.296881,0.557605,0.501662,0.255934,0.471227
2.800000,0.055411,0.471315,0.218294,0.296462,0.555983,0.501741,0.255815,0.470123
3.000000,0.055526,0.470784,0.218378,0.296068,0.554629,0.501728,0.255870,0.469182
3.200000,0.055346,0.470017,0.218297,0.296015,0.553270,0.501640,0.255449,0.467873
3.400000,0.055364,0.469565,0.218258,0.295472,0.551741,0.501601,0.255568,0.466828
3.600000,0.055268,0.469166,0.218283,0.295210,0.550190,0.501685,0.255344,0.465626
3.800000,0.055349,0.468652,0.218115,0.294855,0.548612,0.501407,0.255431,0.464439
4.000000,0.055324,0.468075,0.218219,0.294527,0.547328,0.501345,0.255186,0.463339
4.200000,0.055338,0.467428,0.218133,0.293905,0.545757,0.501474,0.255058,0.462172
4.400000,0.055311,0.467002,0.218048,0.293742,0.544276,0.501393,0.254955,0.461012
4.600000,0.055302,0.466396,0.218177,0.293407,0.542803,0.501441,0.254815,0.460028
4.800000,0.055300,0.465737,0.218031,0.293121,0.541447,0.501295,0.254560,0.458945
5.000000,0.055273,0.465246,0.217951,0.292730,0.539976,0.501236,0.254267,0.457550
5.200000,0.055249,0.464915,0.218024,0.292239,0.538567,0.501252,0.254660,0.456727
5.400000,0.055301,0.464332,0.217997,0.292128,0.537136,0.501475,0.254233,0.455649
5.600000,0.055313,0.463743,0.217810,0.291860,0.535823,0.501161,0.254245,0.454540
5.800000,0.055318,0.463256,0.217850,0.291496,0.534464,0.501336,0.254085,0.453509
6.000000,0.055251,0.462886,0.217874,0.291231,0.533267,0.501241,0.253933,0.452522
6.200000,0.055297,0.462220,0.217748,0.290748,0.531704,0.501190,0.253947,0.451464
6.400000,0.055310,0.461932,0.217714,0.290591,0.530279,0.501310,0.253863,0.450376
6.600000,0.055287,0.461138,0.217713,0.290216,0.528641,0.501246,0.253710,0.448946
6.800000,0.055112,0.460806,0.217603,0.289892,0.527209,0.501117,0.253471,0.447856
7.000000,0.055206,0.460278,0.217642,0.289557,0.525833,0.501034,0.253562,0.447020
7.200000,0.055200,0.459703,0.217678,0.289270,0.524488,0.501006,0.253421,0.445950
7.400000,0.055100,0.459348,0.217680,0.288951,0.523127,0.500938,0.253419,0.444968
7.600000,0.055234,0.458930,0.217598,0.288723,0.522046,0.501016,0.253184,0.443950
7.800000,0.055217,0.458419,0.217564,0.288414,0.520712,0.500870,0.253164,0.442842
8.000000,0.055193,0.457918,0.217474,0.288002,0.519497,0.500931,0.253115,0.442069
8.200000,0.055192,0.457600,0.217295,0.287728,0.517925,0.500929,0.252836,0.441156
8.400000,0.055156,0.457107,0.217543,0.287386,0.516964,0.500808,0.252801,0.440102
8.600000,0.055195,0.456819,0.217381,0.287309,0.515722,0.500950,0.252693,0.439076
8.800000,0.055224,0.456199,0.217353,0.286878,0.514486,0.500890,0.252563,0.438085
9.000000,0.055032,0.455712,0.217366,0.286573,0.513178,0.500650,0.252496,0.437251
9.200000,0.055194,0.455233,0.217589,0.286361,0.511994,0.500695,0.252522,0.436261
9.400000,0.055185,0.454927,0.217313,0.286048,0.510743,0.500726,0.252378,0.435482
9.600000,0.055164,0.454543,0.217202,0.285940,0.509518,0.500680,0.252155,0.434534
9.800000,0.055128,0.454047,0.217147,0.285520,0.508327,0.500727,0.252213,0.433580
10.000000,0.055150,0.453566,0.217219,0.285264,0.507271,0.500740,0.252038,0.432857
10.200000,0.055137,0.453296,0.217137,0.284863,0.506081,0.500671,0.251826,0.431702
10.400000,0.055133,0.452771,0.217175,0.284674,0.504816,0.500562,0.251720,0.431054
10.600000,0.055150,0.452156,0.217103,0.284390,0.503570,0.500498,0.251468,0.430072
10.800000,0.055119,0.451984,0.217105,0.284117,0.502523,0.500523,0.251573,0.429136
11.000000,0.055203,0.451585,0.217066,0.283919,0.501441,0.500522,0.251508,0.428179
11.200000,0.055141,0.451148,0.216979,0.283652,0.500307,0.500500,0.251256,0.427359
11.400000,0.054963,0.450789,0.217111,0.283345,0.499138,0.500458,0.251243,0.426624
11.600000,0.055083,0.450323,0.216875,0.283147,0.498149,0.500474,0.251151,0.425800
11.800000,0.055114,0.450127,0.216827,0.282870,0.496954,0.500419,0.250816,0.424936
12.000000,0.055119,0.449655,0.216833,0.282583,0.495839,0.500376,0.250932,0.423983
12.200000,0.054950,0.449093,0.216969,0.282289,0.494620,0.500298,0.250812,0.423203
12.400000,0.054934,0.448888,0.216677,0.282068,0.493469,0.500229,0.250679,0.422081
12.600000,0.054796,0.448512,0.216894,0.281908,0.492377,0.500209,0.250738,0.421324
12.800000,0.055038,0.447878,0.216697,0.281476,0.490944,0.500244,0.250490,0.420234
13.000000,0.055054,0.447488,0.216681,0.281285,0.490056,0.500066,0.250381,0.419508
13.200000,0.055032,0.447296,0.216746,0.280934,0.489062,0.500149,0.250340,0.418906
13.400000,0.055063,0.446793,0.216701,0.280777,0.488045,0.500246,0.250197,0.418149
13.600000,0.055025,0.446640,0.216677,0.280579,0.487140,0.500184,0.250159,0.417370
13.800000,0.055063,0.446240,0.216522,0.280442,0.486138,0.500149,0.250020,0.416585
14.000000,0.055025,0.445877,0.216433,0.280126,0.485367,0.500099,0.249901,0.415806
14.200000,0.055190,0.445456,0.216607,0.279902,0.484418,0.500115,0.249851,0.415100
14.400000,0.055027,0.445222,0.216547,0.279695,0.483329,0.499879,0.249760,0.414486
14.600000,0.055040,0.444905,0.216562,0.279631,0.482180,0.499879,0.249713,0.413817
14.800000,0.055047,0.444580,0.216663,0.279197,0.481354,0.499983,0.249524,0.412979
15.000000,0.055021,0.444312,0.216511,0.279012,0.480534,0.499957,0.249373,0.412377
15.200000,0.055015,0.443963,0.216517,0.278856,0.479450,0.499958,0.249378,0.411752
15.400000,0.054979,0.443463,0.216445,0.278619,0.478699,0.499754,0.249300,0.410909
15.600000,0.055002,0.443268,0.216403,0.278391,0.477874,0.499579,0.249326,0.410257
15.800000,0.054947,0.443019,0.216431,0.278298,0.476726,0.499488,0.248935,0.409544
16.000000,0.054993,0.442506,0.216087,0.278009,0.475897,0.499745,0.248920,0.408806
16.200000,0.054972,0.442284,0.216264,0.277639,0.475037,0.499776,0.248965,0.408309
16.400000,0.054851,0.442140,0.216489,0.277542,0.474002,0.499685,0.248739,0.407493
16.600000,0.054981,0.441706,0.216328,0.277298,0.473304,0.499747,0.248867,0.406678
16.800000,0.055038,0.441313,0.216236,0.277214,0.472139,0.499728,0.248796,0.406168
17.000000,0.054967,0.441127,0.216214,0.276913,0.471431,0.499632,0.248563,0.405315
17.200000,0.054954,0.440821,0.216318,0.276526,0.470536,0.499722,0.248486,0.404747
17.400000,0.054949,0.440626,0.216354,0.276389,0.469708,0.499838,0.248200,0.404065
17.600000,0.054968,0.440075,0.216352,0.276290,0.507761,0.499590,0.248301,0.403318
17.800000,0.055079,0.439873,0.216102,0.276043,0.467992,0.499527,0.248212,0.402888
18.000000,0.055068,0.439606,0.216122,0.275794,0.467174,0.499443,0.248244,0.402173
18.200000,0.054930,0.439090,0.215945,0.275719,0.466260,0.499520,0.248057,0.401564
18.400000,0.054894,0.438888,0.216051,0.275402,0.465382,0.499353,0.247887,0.400917
18.600000,0.054790,0.438728,0.215975,0.275385,0.464602,0.499479,0.247892,0.400258
18.800000,0.054922,0.438660,0.215920,0.275043,0.463822,0.499489,0.247951,0.399672
19.000000,0.054993,0.438224,0.216119,0.274965,0.463077,0.499491,0.247740,0.398998
19.200000,0.054915,0.437921,0.216061,0.274774,0.461584,0.499539,0.247574,0.398185
19.400000,0.054890,0.437468,0.215799,0.274448,0.461001,0.499237,0.247352,0.397550
19.600000,0.054923,0.437082,0.216026,0.274241,0.460180,0.499379,0.247477,0.396910
19.800000,0.054870,0.436924,0.215804,0.274126,0.459404,0.499333,0.247369,0.396118
20.000000,0.054867,0.436492,0.215943,0.273970,0.458536,0.499125,0.247268,0.395712
20.200000,0.054881,0.436331,0.215922,0.273678,0.457808,0.499157,0.247158,0.395138
20.400000,0.054891,0.436027,0.215825,0.234410,0.457095,0.499157,0.246741,0.394576
20.600000,0.054883,0.435917,0.215977,0.273144,0.456267,0.499241,0.246898,0.393921
20.800000,0.054819,0.435566,0.215682,0.273196,0.455476,0.499203,0.246944,0.393308
21.000000,0.054886,0.435259,0.215855,0.272981,0.454561,0.499198,0.246871,0.392615
21.200000,0.054848,0.435024,0.216007,0.272819,0.453941,0.499027,0.246700,0.392203
21.400000,0.054872,0.434730,0.215807,0.272523,0.453271,0.498991,0.246709,0.391665
21.600000,0.054854,0.434451,0.215821,0.272246,0.452320,0.499090,0.246719,0.390998
21.800000,0.054902,0.434239,0.215906,0.272352,0.451609,0.499110,0.246550,0.390462
22.000000,0.054869,0.433906,0.215728,0.272030,0.450872,0.499113,0.246545,0.389737
22.200000,0.054725,0.433608,0.215879,0.271760,0.450112,0.499062,0.246223,0.388970
22.400000,0.054852,0.433420,0.215718,0.271727,0.449303,0.499045,0.246135,0.388832
22.600000,0.054834,0.433167,0.215732,0.271522,0.448729,0.498848,0.246177,0.388172
22.800000,0.054840,0.432881,0.215818,0.271398,0.447872,0.498838,0.246107,0.387538
23.000000,0.054864,0.432687,0.215679,0.271207,0.447277,0.499081,0.245984,0.386965
23.200000,0.054836,0.432320,0.215668,0.271112,0.446479,0.498936,0.245876,0.386598
23.400000,0.054854,0.432185,0.215483,0.270779,0.445804,0.498939,0.245858,0.386047
23.600000,0.054844,0.432106,0.215582,0.270627,0.445083,0.498699,0.245772,0.385451
23.800000,0.054857,0.431636,0.215666,0.270433,0.444317,0.498823,0.245817,0.384862
24.000000,0.054877,0.431280,0.215580,0.270243,0.443664,0.498809,0.245618,0.384336
24.200000,0.054856,0.431266,0.215517,0.270182,0.442942,0.498561,0.245363,0.383826
24.400000,0.054815,0.430855,0.215505,0.269918,0.442222,0.498942,0.245461,0.383388
24.600000,0.054831,0.430555,0.215518,0.269641,0.441552,0.498736,0.245267,0.382807
24.800000,0.054665,0.430464,0.215488,0.269755,0.440856,0.498526,0.245293,0.382294
25.000000,0.054790,0.430028,0.215457,0.269402,0.440099,0.498825,0.245293,0.381835
25.200000,0.054769,0.429928,0.215429,0.269167,0.439447,0.498655,0.245090,0.381149
25.400000,0.054539,0.429587,0.215368,0.269039,0.438660,0.498636,0.245044,0.380481
25.600000,0.054792,0.429395,0.215385,0.268901,0.437809,0.498586,0.244947,0.379964
25.800000,0.054788,0.429124,0.215204,0.268603,0.437314,0.498629,0.244694,0.379566
26.000000,0.054867,0.428879,0.215232,0.268509,0.436617,0.498360,0.244868,0.379077
26.200000,0.054777,0.428641,0.215241,0.268510,0.436007,0.498505,0.244707,0.378650
26.400000,0.054740,0.428384,0.215356,0.268269,0.435201,0.498579,0.244476,0.377989
26.600000,0.054697,0.428277,0.215437,0.268182,0.434637,0.498433,0.244541,0.377503
26.800000,0.054764,0.427963,0.215233,0.267925,0.433967,0.498480,0.244334,0.377119
27.000000,0.054778,0.427566,0.215274,0.267667,0.433219,0.498210,0.244396,0.376608
27.200000,0.054737,0.427533,0.215269,0.267710,0.432668,0.498443,0.244343,0.376264
27.400000,0.054632,0.427339,0.215248,0.267367,0.432334,0.498133,0.244274,0.375609
27.600000,0.054749,0.426992,0.215174,0.267139,0.431483,0.498207,0.244112,0.375137
27.800000,0.054477,0.426624,0.215163,0.267096,0.430833,0.498331,0.244003,0.374695
28.000000,0.054743,0.426773,0.215133,0.266727,0.430200,0.498274,0.244004,0.374109
28.200000,0.054697,0.426425,0.215170,0.266830,0.429514,0.498165,0.243922,0.373653
28.400000,0.054678,0.425963,0.215193,0.266584,0.428473,0.498071,0.243942,0.373093
28.600000,0.054726,0.425893,0.215090,0.266521,0.428260,0.498185,0.243818,0.372801
28.800000,0.054734,0.425579,0.215105,0.266519,0.427702,0.498192,0.243699,0.372265
29.000000,0.054721,0.425506,0.215052,0.266115,0.426946,0.498061,0.243540,0.371704
29.200000,0.054709,0.425412,0.214995,0.266207,0.426514,0.498141,0.243579,0.371645
29.400000,0.054697,0.425060,0.215002,0.265836,0.425961,0.497955,0.243472,0.371090
29.600000,0.054688,0.424699,0.215062,0.265740,0.425291,0.498114,0.243287,0.370364
29.800000,0.054696,0.424583,0.215113,0.265759,0.424663,0.497996,0.243446,0.370098
30.000000,0.054689,0.424385,0.214916,0.265434,0.424117,0.497901,0.243238,0.369419
30.200000,0.054699,0.424157,0.214767,0.265496,0.423514,0.497961,0.242915,0.368972
30.400000,0.055178,0.424017,0.214950,0.265169,0.422838,0.497850,0.243020,0.368691
30.600000,0.055190,0.423765,0.214985,0.264949,0.422300,0.497767,0.243048,0.368078
30.800000,0.055379,0.423593,0.214877,0.264843,0.421664,0.497994,0.242961,0.367759
31.000000,0.055594,0.423280,0.214978,0.264601,0.421013,0.497862,0.242876,0.367396
31.200000,0.055912,0.422996,0.214896,0.264621,0.420680,0.497810,0.242777,0.367124
31.400000,0.056419,0.423006,0.214940,0.264441,0.420214,0.497816,0.242656,0.366820
31.600000,0.057028,0.422516,0.214832,0.264211,0.419862,0.497679,0.242577,0.366406
31.800000,0.058015,0.422714,0.214854,0.264311,0.420178,0.497785,0.242606,0.366630
32.000000,0.058650,0.422596,0.214977,0.264285,0.420615,0.497380,0.242547,0.366851
32.200000,0.059399,0.422689,0.214931,0.264534,0.421591,0.497707,0.242323,0.367536
32.400000,0.060173,0.423051,0.214977,0.264725,0.422800,0.497678,0.242460,0.368445
32.600000,0.060925,0.423327,0.214852,0.264899,0.424427,0.497658,0.242428,0.369589
32.800000,0.061601,0.424206,0.214965,0.265575,0.426561,0.497619,0.242414,0.371100
33.000000,0.062292,0.425104,0.215014,0.266240,0.429343,0.497671,0.242411,0.373023
33.200000,0.062869,0.426782,0.215173,0.266942,0.432303,0.497492,0.242403,0.375258
33.400000,0.063339,0.428630,0.215333,0.268056,0.435806,0.497664,0.242596,0.377769
33.600000,0.064080,0.431014,0.215362,0.268868,0.439863,0.497631,0.242363,0.380555
33.800000,0.064309,0.433772,0.215706,0.270463,0.444133,0.497773,0.242469,0.383595
34.000000,0.064937,0.437219,0.215619,0.271689,0.448694,0.497652,0.242561,0.387028
34.200000,0.065178,0.440999,0.216085,0.273400,0.453654,0.497515,0.242722,0.390321
34.400000,0.065674,0.445383,0.216406,0.275051,0.458723,0.497658,0.242733,0.394089
34.600000,0.065981,0.450161,0.216670,0.276749,0.464111,0.497655,0.242644,0.398032
34.800000,0.066231,0.455522,0.216950,0.278348,0.469642,0.497726,0.242724,0.402062
35.000000,0.066537,0.461402,0.217176,0.280299,0.475468,0.497738,0.242850,0.406463
35.200000,0.066533,0.467629,0.217421,0.282039,0.481929,0.497803,0.242935,0.411034
35.400000,0.066953,0.473668,0.217639,0.283465,0.487652,0.497620,0.243067,0.415258
35.600000,0.067124,0.480231,0.218023,0.285249,0.493507,0.497618,0.243030,0.419757
35.800000,0.067405,0.486816,0.218087,0.286894,0.499781,0.497853,0.243095,0.424498
36.000000,0.067429,0.494087,0.218322,0.288402,0.506004,0.497986,0.243193,0.429087
36.200000,0.067548,0.501429,0.218616,0.289878,0.512693,0.497876,0.243249,0.433814
36.400000,0.067681,0.508898,0.218119,0.290685,0.518882,0.497474,0.243145,0.438570
36.600000,0.067713,0.517914,0.218915,0.292847,0.526942,0.497581,0.243196,0.444611
36.800000,0.067713,0.528129,0.219201,0.294895,0.535574,0.497721,0.243343,0.451374
37.000000,0.067977,0.537331,0.219478,0.296538,0.543404,0.497794,0.243688,0.457240
37.200000,0.068051,0.545575,0.219765,0.297933,0.550365,0.497792,0.243613,0.462574
37.400000,0.068029,0.553743,0.219731,0.299305,0.557271,0.497817,0.243852,0.467990
37.600000,0.068204,0.564718,0.220235,0.300903,0.566669,0.497925,0.243952,0.474901
37.800000,0.068271,0.573202,0.220413,0.302504,0.573372,0.497598,0.244097,0.480416
38.000000,0.068311,0.581691,0.220593,0.303662,0.581133,0.497982,0.244179,0.486156
38.200000,0.068324,0.590133,0.220938,0.305020,0.588525,0.497953,0.244395,0.491903
38.400000,0.068392,0.598472,0.221055,0.306236,0.595837,0.497921,0.244368,0.497334
38.600000,0.068454,0.607355,0.221214,0.307378,0.603117,0.498154,0.244318,0.502951
38.800000,0.068647,0.615904,0.221444,0.308620,0.610636,0.498169,0.244570,0.508810
39.000000,0.068526,0.624406,0.221667,0.310019,0.618115,0.498195,0.244702,0.514461
39.200000,0.068365,0.632864,0.221853,0.310996,0.625496,0.498124,0.244789,0.520206
39.400000,0.068572,0.641420,0.221928,0.312318,0.633039,0.498272,0.244756,0.526098
39.600000,0.068600,0.649418,0.222168,0.313410,0.640417,0.498091,0.244992,0.531635
39.800000,0.068589,0.657675,0.222176,0.314550,0.647814,0.498048,0.245197,0.537426
40.000000,0.068529,0.665758,0.222385,0.315818,0.655373,0.498135,0.244923,0.543308
40.200000,0.068767,0.673869,0.222684,0.316791,0.663092,0.498249,0.245254,0.549225
40.400000,0.068697,0.682002,0.222842,0.318239,0.670512,0.498335,0.245449,0.554838
40.600000,0.068723,0.689659,0.222933,0.319185,0.677956,0.498337,0.245773,0.560682
40.800000,0.068727,0.697180,0.222787,0.320270,0.685726,0.498417,0.245667,0.566471
41.000000,0.068738,0.704736,0.223366,0.321296,0.692992,0.498650,0.245768,0.572067
41.200000,0.068762,0.712252,0.223448,0.322383,0.700423,0.498406,0.245712,0.577966
41.400000,0.068752,0.719369,0.223815,0.323606,0.707897,0.498579,0.245845,0.583724
41.600000,0.068735,0.726035,0.223735,0.324314,0.715108,0.498465,0.246095,0.589002
41.800000,0.068786,0.732733,0.223911,0.325349,0.722455,0.498608,0.246229,0.594657
42.000000,0.068673,0.739278,0.224099,0.326397,0.729600,0.498501,0.246305,0.600355
42.200000,0.068665,0.745621,0.224278,0.327408,0.736741,0.498636,0.246523,0.605787
42.400000,0.068834,0.751630,0.224443,0.328615,0.743584,0.498642,0.246671,0.611342
42.600000,0.068759,0.757512,0.224499,0.329700,0.750867,0.498512,0.246618,0.616798
42.800000,0.068879,0.763170,0.224714,0.330433,0.757504,0.498543,0.246792,0.622035
43.000000,0.068885,0.768775,0.224814,0.331465,0.764263,0.498702,0.246915,0.627350
43.200000,0.068887,0.774080,0.224975,0.332403,0.770878,0.498796,0.247182,0.632490
43.400000,0.068881,0.779132,0.225102,0.333386,0.777670,0.498722,0.247160,0.637674
43.600000,0.068882,0.784008,0.225295,0.334264,0.784015,0.498792,0.247332,0.642949
43.800000,0.068823,0.789027,0.225382,0.335357,0.790871,0.498776,0.247295,0.648719
44.000000,0.068937,0.795692,0.225478,0.336494,0.799829,0.498728,0.247657,0.655266
44.200000,0.068926,0.799769,0.225666,0.337242,0.805817,0.498844,0.247559,0.660139
44.400000,0.068929,0.804262,0.225812,0.338332,0.812208,0.498892,0.247691,0.665330
44.600000,0.068948,0.808170,0.225919,0.339217,0.817912,0.499068,0.247900,0.669946
44.800000,0.068949,0.811846,0.226080,0.340152,0.823899,0.499045,0.248051,0.674793
45.000000,0.068902,0.815607,0.226160,0.341021,0.829686,0.499035,0.248076,0.679186
45.200000,0.068848,0.819018,0.226164,0.341862,0.835200,0.498980,0.248270,0.684007
45.400000,0.068986,0.822533,0.226359,0.342711,0.840464,0.499036,0.248376,0.688293
45.600000,0.068914,0.825685,0.226325,0.343329,0.845911,0.499114,0.248464,0.692671
45.800000,0.068992,0.828780,0.226570,0.344363,0.851287,0.499045,0.248551,0.697104
46.000000,0.069001,0.831831,0.226579,0.345156,0.856338,0.499204,0.248664,0.701543
46.200000,0.069012,0.834794,0.226747,0.345857,0.861061,0.499185,0.248830,0.705563
46.400000,0.069019,0.837259,0.226752,0.346791,0.866390,0.499179,0.248741,0.709676
46.600000,0.069022,0.839804,0.227012,0.347561,0.871245,0.499223,0.248877,0.713617
46.800000,0.069018,0.842528,0.227110,0.348350,0.875716,0.499297,0.249162,0.717524
47.000000,0.069059,0.844745,0.227059,0.349057,0.880505,0.499143,0.249283,0.721559
47.200000,0.069051,0.847263,0.227253,0.349747,0.885159,0.499370,0.249434,0.725105
47.400000,0.069044,0.849391,0.227373,0.350496,0.889543,0.499365,0.249388,0.729027
47.600000,0.069083,0.851637,0.227655,0.351511,0.893806,0.499345,0.249383,0.732719
47.800000,0.069042,0.853588,0.227595,0.352023,0.898119,0.499274,0.249711,0.736134
48.000000,0.069038,0.855671,0.227730,0.353087,0.902216,0.499414,0.249826,0.739638
48.200000,0.069060,0.857464,0.227761,0.353651,0.906188,0.499454,0.249805,0.743073
48.400000,0.069100,0.859327,0.227780,0.354220,0.909985,0.499291,0.249800,0.746482
48.600000,0.069097,0.861122,0.227948,0.355015,0.914062,0.499527,0.250112,0.749891
48.800000,0.069100,0.862830,0.228060,0.355966,0.917794,0.499539,0.250292,0.753165
49.000000,0.069225,0.864610,0.228075,0.356472,0.921547,0.499435,0.250332,0.756094
49.200000,0.069104,0.865907,0.228159,0.357333,0.924974,0.499518,0.250477,0.759203
49.400000,0.069056,0.867460,0.228266,0.357913,0.928542,0.499489,0.250585,0.762456
49.600000,0.069014,0.869065,0.228365,0.358638,0.931945,0.499611,0.250709,0.765469
49.800000,0.069104,0.870277,0.228323,0.359251,0.935385,0.499604,0.250815,0.768373
50.000000,0.069116,0.871763,0.228543,0.360047,0.938743,0.499612,0.250902,0.771203
50.200000,0.069029,0.873173,0.228723,0.360599,0.942340,0.499775,0.250986,0.774413
50.400000,0.069085,0.874416,0.228583,0.361406,0.945661,0.499862,0.251098,0.776879
50.600000,0.068970,0.875769,0.228833,0.362161,0.948852,0.499877,0.251258,0.780150
50.800000,0.068970,0.876796,0.228937,0.362571,0.951843,0.499762,0.251377,0.782805
51.000000,0.069102,0.877721,0.228949,0.363416,0.954756,0.499865,0.251501,0.785229
51.200000,0.069114,0.879076,0.229021,0.364208,0.957726,0.499812,0.251617,0.787833
51.400000,0.068693,0.880070,0.229040,0.364927,0.960784,0.499824,0.251631,0.790543
51.600000,0.069132,0.881090,0.229077,0.365579,0.963326,0.499743,0.251799,0.792853
51.800000,0.069150,0.882259,0.229239,0.365767,0.966147,0.499759,0.251889,0.795143
52.000000,0.069149,0.883047,0.229206,0.366703,0.968757,0.499792,0.252073,0.797632
52.200000,0.069134,0.883947,0.229376,0.367284,0.971412,0.500006,0.252175,0.799761
52.400000,0.068911,0.884525,0.229265,0.367758,0.974012,0.499734,0.252275,0.802078
52.600000,0.069149,0.885813,0.229546,0.368725,0.976429,0.500183,0.252458,0.804240
52.800000,0.069252,0.886418,0.229588,0.369154,0.978890,0.500091,0.252522,0.806431
53.000000,0.069191,0.887151,0.229605,0.369738,0.981088,0.500096,0.252355,0.808451
53.200000,0.069154,0.887969,0.229749,0.370566,0.983468,0.500045,0.252805,0.810747
53.400000,0.069181,0.888786,0.229809,0.370960,0.985845,0.500119,0.252767,0.812625
53.600000,0.069128,0.889508,0.229827,0.371854,0.988026,0.500150,0.252964,0.814583
53.800000,0.069163,0.890289,0.229893,0.372403,0.990155,0.500326,0.253036,0.816368
54.000000,0.069190,0.890874,0.229946,0.372796,0.992302,0.500311,0.253011,0.818357
54.200000,0.069180,0.891562,0.229977,0.373525,0.994281,0.500308,0.253213,0.820284
54.400000,0.069184,0.892159,0.229974,0.373969,0.996497,0.500252,0.253391,0.821791
54.600000,0.069178,0.892759,0.230113,0.374633,0.998483,0.500261,0.253314,0.823723
54.800000,0.069151,0.893285,0.230329,0.375095,1.000419,0.500302,0.253563,0.825363
55.000000,0.069230,0.893919,0.230323,0.375679,1.002311,0.500380,0.253685,0.827208
55.200000,0.069214,0.894555,0.230330,0.376418,1.004313,0.500271,0.253785,0.828838
55.400000,0.069199,0.894907,0.230297,0.376810,1.005750,0.500249,0.253835,0.830324
55.600000,0.069203,0.895366,0.230474,0.377491,1.007985,0.500460,0.253957,0.831880
55.800000,0.069205,0.896020,0.230702,0.377994,1.009548,0.500451,0.254123,0.833436
56.000000,0.069206,0.896593,0.230454,0.378605,1.011452,0.500473,0.254188,0.834972
56.200000,0.069200,0.896976,0.230594,0.379136,1.013095,0.500545,0.254290,0.836607
56.400000,0.069214,0.897684,0.230671,0.379929,1.015192,0.500748,0.254403,0.838251
56.600000,0.069176,0.898115,0.230750,0.380364,1.016751,0.500552,0.254413,0.839427
56.800000,0.069225,0.898427,0.230736,0.380840,1.018227,0.500515,0.254633,0.841158
57.000000,0.069184,0.898606,0.230375,0.380952,1.019765,0.500518,0.254712,0.842413
57.200000,0.069203,0.899335,0.230732,0.382071,1.021468,0.500600,0.254870,0.843834
57.400000,0.069214,0.899649,0.230904,0.382523,1.022878,0.500529,0.254968,0.845181
57.600000,0.069360,0.900062,0.230935,0.382872,1.024379,0.500742,0.255093,0.846144
57.800000,0.069206,0.900148,0.230983,0.383441,1.025698,0.500728,0.255266,0.847581
58.000000,0.069239,0.900787,0.230916,0.383941,1.027219,0.500645,0.255240,0.848749
58.200000,0.069215,0.901069,0.231095,0.384406,1.028488,0.500789,0.255387,0.849928
58.400000,0.069156,0.901124,0.231101,0.384755,1.029691,0.500716,0.255380,0.851129
58.600000,0.069218,0.901681,0.231240,0.385424,1.031039,0.500842,0.255596,0.852490
58.800000,0.069389,0.901992,0.231286,0.385988,1.032698,0.500884,0.255865,0.853427
59.000000,0.069168,0.902255,0.231452,0.386474,1.033535,0.500820,0.255740,0.854496
59.200000,0.069224,0.902414,0.231363,0.386982,1.034743,0.500689,0.255750,0.855696
59.400000,0.069192,0.902791,0.231471,0.387520,1.036247,0.500870,0.255986,0.856769
59.600000,0.069207,0.903016,0.231386,0.387936,1.037306,0.500820,0.255930,0.857749
59.800000,0.069183,0.903459,0.231516,0.388454,1.038612,0.501092,0.256043,0.858760
60.000000,0.069147,0.903766,0.231546,0.388808,1.039733,0.500768,0.256241,0.859807
60.200000,0.069218,0.903725,0.231594,0.389402,1.041068,0.501058,0.256293,0.860610
60.400000,0.069221,0.904011,0.231736,0.389808,1.041901,0.501075,0.256468,0.861817
60.600000,0.069222,0.904271,0.231645,0.390181,1.043133,0.501104,0.256606,0.862543
60.800000,0.069209,0.904515,0.231649,0.390815,1.044244,0.501128,0.256516,0.863537
61.000000,0.069230,0.904525,0.231662,0.391265,1.045097,0.501142,0.256787,0.864598
61.200000,0.069214,0.904932,0.231802,0.391586,1.046268,0.501130,0.256883,0.865392
61.400000,0.069202,0.905019,0.231653,0.392113,1.047289,0.501138,0.257027,0.866143
61.600000,0.069213,0.905219,0.231863,0.392579,1.048409,0.501044,0.257053,0.867072
61.800000,0.069222,0.905349,0.231905,0.393005,1.049122,0.501236,0.257168,0.868029
62.000000,0.069205,0.905646,0.232043,0.393503,1.050131,0.501105,0.257162,0.868771
62.200000,0.069188,0.905650,0.232005,0.393837,1.051019,0.501130,0.257499,0.869593
62.400000,0.069233,0.905816,0.231937,0.394457,1.052058,0.501377,0.257527,0.870509
62.600000,0.069178,0.906199,0.232187,0.395123,1.053277,0.501397,0.257314,0.871365
62.800000,0.069160,0.906358,0.232061,0.395486,1.054196,0.501385,0.257729,0.872133
63.000000,0.069054,0.906295,0.232184,0.395909,1.054936,0.501121,0.257614,0.872812
63.200000,0.069256,0.906416,0.232097,0.396385,1.055522,0.501003,0.257883,0.873531
63.400000,0.069177,0.906627,0.232217,0.396761,1.056800,0.501329,0.258001,0.874424
63.600000,0.069175,0.906935,0.232322,0.396924,1.057364,0.501418,0.258043,0.874810
63.800000,0.069178,0.906772,0.232352,0.397627,1.058269,0.501413,0.258184,0.875768
64.000000,0.069178,0.906940,0.232359,0.398077,1.058898,0.501511,0.258352,0.876306
64.200000,0.069225,0.906950,0.232468,0.398379,1.059378,0.501188,0.258418,0.876864
64.400000,0.069200,0.907036,0.232457,0.398840,1.060329,0.501514,0.258512,0.877484
64.600000,0.069233,0.907136,0.232285,0.399188,1.060947,0.501568,0.258567,0.878056
64.800000,0.069205,0.907202,0.232403,0.399711,1.061720,0.501620,0.258685,0.878559
65.000000,0.069177,0.907276,0.232397,0.399967,1.062361,0.501636,0.258732,0.879247
65.200000,0.069187,0.907390,0.232576,0.400474,1.063039,0.501618,0.258833,0.879719
65.400000,0.069211,0.907536,0.232574,0.400957,1.063774,0.501639,0.258989,0.880290
65.600000,0.069221,0.907492,0.232648,0.401217,1.064406,0.501716,0.258849,0.880816
65.800000,0.069209,0.907481,0.232671,0.401746,1.065099,0.501710,0.259178,0.881431
66.000000,0.069184,0.907614,0.232623,0.402053,1.065577,0.501759,0.259193,0.881929
66.200000,0.069217,0.907537,0.232758,0.402508,1.066300,0.501663,0.259338,0.882536
66.400000,0.069211,0.907632,0.232811,0.402709,1.066861,0.501821,0.259383,0.883017
66.600000,0.069207,0.907679,0.232775,0.403195,1.067390,0.501829,0.259496,0.883473
66.800000,0.069221,0.907836,0.232877,0.403386,1.068164,0.501769,0.259644,0.883986
67.000000,0.069211,0.907968,0.232995,0.403988,1.068674,0.501782,0.259702,0.884279
67.200000,0.069166,0.907826,0.232932,0.404240,1.069152,0.501936,0.259745,0.884967
67.400000,0.069203,0.907678,0.232787,0.404520,1.069626,0.501931,0.259734,0.885218
67.600000,0.069200,0.907971,0.233009,0.404976,1.070114,0.501947,0.259876,0.885750
67.800000,0.069189,0.907855,0.232913,0.405200,1.070743,0.501973,0.259974,0.886139
68.000000,0.069208,0.908039,0.232852,0.405582,1.071173,0.501922,0.260114,0.886604
68.200000,0.069128,0.908101,0.232936,0.406023,1.071761,0.501827,0.260161,0.886754
68.400000,0.069200,0.908218,0.233081,0.406489,1.072256,0.502065,0.260035,0.887367
68.600000,0.069218,0.908142,0.233191,0.406817,1.072803,0.501804,0.260516,0.888013
68.800000,0.069227,0.908379,0.233164,0.407361,1.073316,0.502088,0.260479,0.888435
69.000000,0.069209,0.908349,0.232967,0.407476,1.073662,0.502096,0.260487,0.888715
69.200000,0.069197,0.908241,0.233171,0.407890,1.074070,0.502116,0.260735,0.889190
69.400000,0.069160,0.908299,0.232919,0.408406,1.074416,0.502033,0.260373,0.889557
69.600000,0.069199,0.908176,0.233211,0.408496,1.074993,0.502128,0.260839,0.889744
69.800000,0.069174,0.908632,0.233269,0.409048,1.075574,0.502166,0.260956,0.890132
70.000000,0.069200,0.908458,0.233186,0.409407,1.075947,0.502033,0.260940,0.890362
70.200000,0.069212,0.908400,0.233253,0.409858,1.076118,0.502073,0.261103,0.890786
70.400000,0.069206,0.908623,0.233337,0.410007,1.076671,0.502243,0.261142,0.891172
70.600000,0.069309,0.908705,0.233369,0.410410,1.077020,0.502282,0.261341,0.891641
70.800000,0.069211,0.908607,0.233390,0.410709,1.077664,0.502277,0.261248,0.891730
71.000000,0.069159,0.908800,0.233370,0.411053,1.077715,0.502189,0.261468,0.892128
71.200000,0.069193,0.908964,0.233423,0.411408,1.078234,0.502184,0.261530,0.892441
71.400000,0.069271,0.908504,0.233439,0.411627,1.078341,0.501875,0.261434,0.892676
71.600000,0.069187,0.908674,0.233466,0.412108,1.078932,0.502319,0.261701,0.892945
71.800000,0.069193,0.908928,0.233511,0.412430,1.079374,0.502447,0.261787,0.893263
72.000000,0.069224,0.908681,0.233557,0.412763,1.079603,0.502459,0.261407,0.893651
72.200000,0.069175,0.908720,0.233499,0.412937,1.079884,0.502358,0.261969,0.893914
72.400000,0.069163,0.909041,0.233464,0.413269,1.080278,0.502368,0.262075,0.894125
72.600000,0.069132,0.908898,0.233610,0.413695,1.080709,0.502434,0.262259,0.894036
72.800000,0.069182,0.908911,0.233516,0.413985,1.080871,0.502352,0.262181,0.894738
73.000000,0.069200,0.908867,0.233758,0.414369,1.080944,0.502499,0.262552,0.894815
73.200000,0.069181,0.908738,0.233653,0.414659,1.081537,0.502362,0.262227,0.895091
73.400000,0.069148,0.908933,0.233701,0.415015,1.081829,0.502499,0.262303,0.895337
73.600000,0.068980,0.909101,0.233696,0.415313,1.082058,0.502607,0.262541,0.895842
73.800000,0.069199,0.908854,0.233910,0.415549,1.082456,0.502593,0.262530,0.895830
74.000000,0.069183,0.908932,0.233685,0.415662,1.082504,0.502477,0.262808,0.896096
74.200000,0.069176,0.909076,0.233833,0.416226,1.082981,0.502625,0.262802,0.896326
74.400000,0.069233,0.909079,0.233890,0.416527,1.083294,0.502666,0.262802,0.896557
74.600000,0.069228,0.909101,0.233853,0.416716,1.083360,0.502472,0.262802,0.896664
74.800000,0.069158,0.908958,0.233827,0.417168,1.083690,0.502718,0.262918,0.896809
75.000000,0.069197,0.909034,0.233941,0.417563,1.084051,0.502529,0.263163,0.897241
75.200000,0.069178,0.908902,0.233861,0.417803,1.083967,0.502799,0.263172,0.897272
75.400000,0.069208,0.909052,0.233941,0.417953,1.084437,0.502817,0.263344,0.897505
75.600000,0.069189,0.908874,0.233950,0.418360,1.084464,0.502810,0.263139,0.897813
75.800000,0.069163,0.909100,0.234059,0.418634,1.084991,0.502865,0.263417,0.897899
76.000000,0.069204,0.908871,0.234020,0.419060,1.085127,0.502919,0.263500,0.898069
76.200000,0.069184,0.908925,0.234017,0.419223,1.085208,0.503075,0.263578,0.898173
76.400000,0.069177,0.908827,0.234216,0.419508,1.085588,0.502883,0.263530,0.859442
76.600000,0.069209,0.908857,0.233939,0.419695,1.085485,0.502933,0.263765,0.898712
76.800000,0.069219,0.909084,0.234142,0.419968,1.085928,0.502792,0.263765,0.898836
77.000000,0.069195,0.909110,0.234119,0.420373,1.085873,0.502919,0.263868,0.898985
77.200000,0.069215,0.908904,0.234078,0.420652,1.086169,0.502935,0.264065,0.899199
77.400000,0.069173,0.908961,0.234301,0.420890,1.086536,0.502991,0.264066,0.899412
77.600000,0.069180,0.908876,0.234199,0.421277,1.086552,0.503080,0.263988,0.899455
77.800000,0.069215,0.908811,0.234165,0.421429,1.086808,0.503048,0.264170,0.899523
78.000000,0.069213,0.909094,0.234162,0.421647,1.086970,0.503000,0.264151,0.899658
78.200000,0.069196,0.908996,0.234371,0.422029,1.086941,0.503087,0.264329,0.899958
78.400000,0.069216,0.908927,0.234233,0.422157,1.087100,0.503038,0.264418,0.899987
78.600000,0.069236,0.908921,0.234289,0.422596,1.087281,0.502963,0.264452,0.900003
78.800000,0.069192,0.908879,0.234318,0.422745,1.087592,0.503009,0.264581,0.900117
79.000000,0.069182,0.908833,0.234198,0.423090,1.087628,0.502945,0.264510,0.900333
79.200000,0.069211,0.908680,0.234245,0.423157,1.087781,0.503196,0.264711,0.900404
79.400000,0.069181,0.908758,0.234315,0.423567,1.088067,0.503172,0.264772,0.900489
79.600000,0.069193,0.908705,0.234234,0.423833,1.088040,0.503227,0.264795,0.900608
79.800000,0.069191,0.908682,0.273412,0.423890,1.088072,0.503249,0.264868,0.900872
80.000000,0.069215,0.908725,0.195455,0.424214,1.088128,0.503137,0.264868,0.900989
80.200000,0.069184,0.908750,0.234468,0.424636,1.088519,0.503274,0.264815,0.901033
80.400000,0.069123,0.908810,0.234431,0.424985,1.088635,0.503385,0.265114,0.901356
80.600000,0.069207,0.908892,0.234447,0.425200,1.088840,0.503386,0.265244,0.901402
80.800000,0.069228,0.908833,0.234481,0.425548,1.088938,0.503433,0.265237,0.901476
81.000000,0.069187,0.908814,0.234382,0.425584,1.089049,0.503255,0.265316,0.901486
81.200000,0.069213,0.908669,0.234396,0.425808,1.089171,0.503452,0.265408,0.901755
81.400000,0.069167,0.908959,0.234658,0.426219,1.089379,0.503429,0.265484,0.901716
81.600000,0.069228,0.908806,0.234641,0.426227,1.089181,0.503504,0.265393,0.902044
81.800000,0.069234,0.909000,0.273397,0.426694,1.089528,0.503265,0.265781,0.901986
82.000000,0.069367,0.909013,0.234625,0.426928,1.089510,0.503531,0.265700,0.902116
82.200000,0.068975,0.908962,0.234635,0.427183,1.089726,0.503520,0.265735,0.902189
82.400000,0.069252,0.908930,0.234631,0.427368,1.089713,0.503416,0.265743,0.902249
82.600000,0.069221,0.908879,0.234599,0.427456,1.089879,0.503458,0.265905,0.902277
82.800000,0.069205,0.908908,0.234626,0.427848,1.090041,0.503540,0.265905,0.902311
83.000000,0.069207,0.909023,0.234550,0.428099,1.090066,0.503591,0.265976,0.902532
83.200000,0.069220,0.908896,0.234661,0.428169,1.090170,0.503669,0.265967,0.902547
83.400000,0.069230,0.908868,0.234721,0.428385,1.090214,0.503573,0.266233,0.902673
83.600000,0.069240,0.908925,0.234689,0.428625,1.090084,0.503486,0.266138,0.902729
83.800000,0.069149,0.909022,0.234788,0.429038,1.090275,0.503640,0.266248,0.902962
84.000000,0.069231,0.909023,0.234562,0.429189,1.090307,0.503691,0.266125,0.902999
84.200000,0.069230,0.908966,0.234722,0.429528,1.090297,0.503687,0.266344,0.902889
84.400000,0.069128,0.909049,0.234686,0.429616,1.090463,0.503833,0.266546,0.902928
84.600000,0.069178,0.908886,0.234723,0.429742,1.090272,0.503709,0.266501,0.903044
84.800000,0.069245,0.908887,0.234846,0.430133,1.090847,0.503764,0.266421,0.903169
85.000000,0.069235,0.909220,0.234823,0.430164,1.090827,0.503745,0.266453,0.903177
85.200000,0.069223,0.908986,0.234961,0.430475,1.090809,0.503838,0.266601,0.903428
85.400000,0.069225,0.909117,0.234765,0.430687,1.090921,0.503761,0.266609,0.903341
85.600000,0.069247,0.909014,0.234892,0.430906,1.090865,0.503869,0.266814,0.903772
85.800000,0.069256,0.908998,0.234858,0.431175,1.090941,0.503625,0.266868,0.903597
86.000000,0.069277,0.909141,0.234862,0.431349,1.090896,0.503833,0.266907,0.903719
86.200000,0.069230,0.909256,0.234934,0.431517,1.091290,0.503908,0.266936,0.903693
86.400000,0.069224,0.908977,0.234916,0.431567,1.091182,0.503953,0.266990,0.903927
86.600000,0.069242,0.908819,0.234951,0.431874,1.091230,0.503952,0.267081,0.903834
86.800000,0.069267,0.909097,0.234982,0.432274,1.091215,0.504001,0.267103,0.903961
87.000000,0.069056,0.909216,0.235117,0.432462,1.090716,0.503892,0.267097,0.903801
87.200000,0.069204,0.908995,0.234913,0.432487,1.091365,0.503858,0.267227,0.904002
87.400000,0.069208,0.908929,0.234999,0.432752,1.091412,0.503942,0.267040,0.904118
87.600000,0.069207,0.909042,0.235023,0.432974,1.091403,0.503888,0.267365,0.904130
87.800000,0.069219,0.909008,0.235063,0.433329,1.091545,0.503969,0.267378,0.904229
88.000000,0.069191,0.909118,0.235013,0.433352,1.091593,0.504127,0.267405,0.904322
88.200000,0.069225,0.909032,0.235118,0.433613,1.091481,0.503966,0.267515,0.904244
88.400000,0.069192,0.908723,0.235087,0.433858,1.091544,0.503897,0.267746,0.904350
88.600000,0.069184,0.908997,0.235288,0.434010,1.091520,0.504111,0.267740,0.904352
88.800000,0.069216,0.909229,0.235257,0.434211,1.091602,0.504086,0.267721,0.904297
89.000000,0.069222,0.909194,0.235103,0.434424,1.091651,0.504022,0.267647,0.904368
89.200000,0.069194,0.908939,0.234848,0.434434,1.091494,0.504088,0.267791,0.904407
89.400000,0.069187,0.908913,0.235086,0.434794,1.091615,0.503920,0.267812,0.904467
89.600000,0.069052,0.908929,0.235117,0.434988,1.091619,0.504137,0.267792,0.904470
89.800000,0.069221,0.908906,0.235179,0.435054,1.091566,0.504028,0.267968,0.904539
90.000000,0.069225,0.908820,0.234996,0.435196,1.091784,0.504144,0.267974,0.904526
